# Table name/description: "Top8000 Pro (ALL CHIS)"
# Number of dimensions: 3
# For each dimension, 1 to 3: lower_bound  upper_bound  number_of_bins  wrapping
#   x1: 0.0 360.0 45 true
#   x2: 0.0 360.0 45 true
#   x3: 0.0 360.0 45 true
# List of table coordinates and values. (Value is last number on each line.)
4.0 4.0 4.0 0.007816890614622183
4.0 4.0 12.0 0.0013794512849333266
4.0 4.0 20.0 5.109078833086395E-5
4.0 4.0 28.0 1.703026277695465E-5
4.0 4.0 36.0 1.703026277695465E-5
4.0 4.0 316.0 1.703026277695465E-5
4.0 4.0 324.0 3.40605255539093E-5
4.0 4.0 332.0 4.087263066469116E-4
4.0 4.0 340.0 0.0026226604676510158
4.0 4.0 348.0 0.009911612936187605
4.0 4.0 356.0 0.01989134692348303
4.0 12.0 4.0 7.833920877399138E-4
4.0 12.0 12.0 3.40605255539093E-5
4.0 12.0 20.0 1.703026277695465E-5
4.0 12.0 308.0 1.703026277695465E-5
4.0 12.0 316.0 3.40605255539093E-5
4.0 12.0 324.0 1.8733289054650114E-4
4.0 12.0 332.0 0.002077692058788467
4.0 12.0 340.0 0.005824349869718489
4.0 12.0 348.0 0.008923857695124236
4.0 12.0 356.0 0.004036172278138251
4.0 20.0 4.0 1.703026277695465E-5
4.0 20.0 308.0 1.703026277695465E-5
4.0 20.0 316.0 5.109078833086395E-5
4.0 20.0 324.0 7.152710366320952E-4
4.0 20.0 332.0 0.0028781144093053355
4.0 20.0 340.0 0.003678536759822204
4.0 20.0 348.0 0.0018222381171341473
4.0 20.0 356.0 1.021815766617279E-4
4.0 28.0 308.0 3.40605255539093E-5
4.0 28.0 316.0 5.109078833086395E-5
4.0 28.0 324.0 4.087263066469116E-4
4.0 28.0 332.0 7.663618249629592E-4
4.0 28.0 340.0 1.8733289054650114E-4
4.0 28.0 348.0 3.40605255539093E-5
4.0 36.0 308.0 1.703026277695465E-5
4.0 36.0 316.0 3.40605255539093E-5
4.0 36.0 324.0 3.40605255539093E-5
4.0 36.0 332.0 3.40605255539093E-5
4.0 36.0 340.0 1.703026277695465E-5
4.0 44.0 316.0 1.703026277695465E-5
4.0 44.0 324.0 1.703026277695465E-5
4.0 316.0 28.0 1.703026277695465E-5
4.0 316.0 36.0 3.40605255539093E-5
4.0 316.0 44.0 1.703026277695465E-5
4.0 316.0 52.0 1.703026277695465E-5
4.0 324.0 20.0 3.40605255539093E-5
4.0 324.0 28.0 1.1921183943868254E-4
4.0 324.0 36.0 1.362421022156372E-4
4.0 324.0 44.0 3.40605255539093E-5
4.0 324.0 52.0 1.703026277695465E-5
4.0 332.0 12.0 3.40605255539093E-4
4.0 332.0 20.0 0.004070232803692161
4.0 332.0 28.0 0.005773259081387626
4.0 332.0 36.0 0.0012942999710485533
4.0 332.0 44.0 5.109078833086395E-5
4.0 332.0 52.0 1.703026277695465E-5
4.0 340.0 4.0 0.0027929630954205624
4.0 340.0 12.0 0.022479946865580136
4.0 340.0 20.0 0.032817316371191604
4.0 340.0 28.0 0.008174526132938231
4.0 340.0 36.0 6.30119722747322E-4
4.0 340.0 44.0 3.40605255539093E-5
4.0 340.0 52.0 1.703026277695465E-5
4.0 340.0 340.0 1.703026277695465E-5
4.0 340.0 348.0 3.40605255539093E-5
4.0 340.0 356.0 8.515131388477325E-5
4.0 348.0 4.0 0.024387336296599057
4.0 348.0 12.0 0.032476711115652514
4.0 348.0 20.0 0.015020691769274
4.0 348.0 28.0 0.0013794512849333266
4.0 348.0 36.0 5.109078833086395E-5
4.0 348.0 44.0 1.703026277695465E-5
4.0 348.0 332.0 1.703026277695465E-5
4.0 348.0 340.0 3.40605255539093E-5
4.0 348.0 348.0 4.257565694238662E-4
4.0 348.0 356.0 0.0037636880737069774
4.0 356.0 4.0 0.028048842793644307
4.0 356.0 12.0 0.01091639844002793
4.0 356.0 20.0 0.001651935489364601
4.0 356.0 28.0 6.81210511078186E-5
4.0 356.0 36.0 3.40605255539093E-5
4.0 356.0 44.0 1.703026277695465E-5
4.0 356.0 324.0 3.40605255539093E-5
4.0 356.0 332.0 3.40605255539093E-5
4.0 356.0 340.0 4.257565694238662E-4
4.0 356.0 348.0 0.003440113080944839
4.0 356.0 356.0 0.01973807455849044
12.0 4.0 4.0 0.002367206525996696
12.0 4.0 12.0 2.3842367887736508E-4
12.0 4.0 20.0 3.40605255539093E-5
12.0 4.0 28.0 1.703026277695465E-5
12.0 4.0 316.0 1.703026277695465E-5
12.0 4.0 324.0 3.40605255539093E-5
12.0 4.0 332.0 8.515131388477325E-5
12.0 4.0 340.0 6.81210511078186E-4
12.0 4.0 348.0 0.002179873635450195
12.0 4.0 356.0 0.0033209012415061565
12.0 12.0 4.0 3.40605255539093E-5
12.0 12.0 308.0 1.703026277695465E-5
12.0 12.0 316.0 3.40605255539093E-5
12.0 12.0 324.0 3.40605255539093E-5
12.0 12.0 332.0 1.8733289054650114E-4
12.0 12.0 340.0 6.81210511078186E-4
12.0 12.0 348.0 7.833920877399138E-4
12.0 12.0 356.0 4.4278683220082087E-4
12.0 20.0 308.0 1.703026277695465E-5
12.0 20.0 316.0 3.40605255539093E-5
12.0 20.0 324.0 3.40605255539093E-5
12.0 20.0 332.0 1.1921183943868254E-4
12.0 20.0 340.0 1.362421022156372E-4
12.0 20.0 348.0 6.81210511078186E-5
12.0 20.0 356.0 3.40605255539093E-5
12.0 28.0 308.0 1.703026277695465E-5
12.0 28.0 316.0 3.40605255539093E-5
12.0 28.0 324.0 3.40605255539093E-5
12.0 28.0 332.0 3.40605255539093E-5
12.0 28.0 340.0 3.40605255539093E-5
12.0 28.0 348.0 1.703026277695465E-5
12.0 36.0 316.0 1.703026277695465E-5
12.0 36.0 324.0 1.703026277695465E-5
12.0 36.0 332.0 1.703026277695465E-5
12.0 308.0 44.0 1.703026277695465E-5
12.0 308.0 52.0 1.703026277695465E-5
12.0 316.0 28.0 1.703026277695465E-5
12.0 316.0 36.0 3.235749927621383E-4
12.0 316.0 44.0 1.1921183943868254E-4
12.0 316.0 52.0 3.40605255539093E-5
12.0 316.0 60.0 1.703026277695465E-5
12.0 324.0 20.0 5.109078833086395E-4
12.0 324.0 28.0 0.05427544747015446
12.0 324.0 36.0 0.05303223828743678
12.0 324.0 44.0 0.00219690389822715
12.0 324.0 52.0 3.40605255539093E-5
12.0 324.0 60.0 1.703026277695465E-5
12.0 332.0 4.0 3.235749927621383E-4
12.0 332.0 12.0 0.023365520529981778
12.0 332.0 20.0 0.08450416389924896
12.0 332.0 28.0 0.11389839745227269
12.0 332.0 36.0 0.055927382959519066
12.0 332.0 44.0 7.493315621860046E-4
12.0 332.0 52.0 3.40605255539093E-5
12.0 332.0 340.0 1.703026277695465E-5
12.0 332.0 348.0 1.703026277695465E-5
12.0 332.0 356.0 3.40605255539093E-5
12.0 340.0 4.0 0.016945111463069876
12.0 340.0 12.0 0.060661796011512455
12.0 340.0 20.0 0.08477664810368024
12.0 340.0 28.0 0.06188797493145319
12.0 340.0 36.0 0.003184659139290519
12.0 340.0 44.0 3.40605255539093E-5
12.0 340.0 52.0 1.703026277695465E-5
12.0 340.0 332.0 1.703026277695465E-5
12.0 340.0 340.0 3.40605255539093E-5
12.0 340.0 348.0 5.109078833086395E-5
12.0 340.0 356.0 8.344828760707778E-4
12.0 348.0 4.0 0.03370289003559325
12.0 348.0 12.0 0.04892794495819071
12.0 348.0 20.0 0.03969754253308128
12.0 348.0 28.0 0.0027418723070896985
12.0 348.0 36.0 3.40605255539093E-5
12.0 348.0 44.0 1.703026277695465E-5
12.0 348.0 324.0 1.703026277695465E-5
12.0 348.0 332.0 3.40605255539093E-5
12.0 348.0 340.0 5.109078833086395E-5
12.0 348.0 348.0 6.641802483012312E-4
12.0 348.0 356.0 0.004530049898669937
12.0 356.0 4.0 0.01886953115686575
12.0 356.0 12.0 0.008736524804577735
12.0 356.0 20.0 9.877552410633697E-4
12.0 356.0 28.0 3.40605255539093E-5
12.0 356.0 36.0 1.703026277695465E-5
12.0 356.0 316.0 1.703026277695465E-5
12.0 356.0 324.0 3.40605255539093E-5
12.0 356.0 332.0 3.40605255539093E-5
12.0 356.0 340.0 2.3842367887736508E-4
12.0 356.0 348.0 0.0019073894310189206
12.0 356.0 356.0 0.007152710366320952
20.0 4.0 4.0 1.1921183943868254E-4
20.0 4.0 12.0 1.703026277695465E-5
20.0 4.0 316.0 1.703026277695465E-5
20.0 4.0 324.0 3.40605255539093E-5
20.0 4.0 332.0 3.40605255539093E-5
20.0 4.0 340.0 8.515131388477325E-5
20.0 4.0 348.0 1.8733289054650114E-4
20.0 4.0 356.0 3.40605255539093E-4
20.0 12.0 4.0 1.703026277695465E-5
20.0 12.0 316.0 1.703026277695465E-5
20.0 12.0 324.0 3.40605255539093E-5
20.0 12.0 332.0 3.40605255539093E-5
20.0 12.0 340.0 5.109078833086395E-5
20.0 12.0 348.0 5.109078833086395E-5
20.0 12.0 356.0 3.40605255539093E-5
20.0 20.0 316.0 1.703026277695465E-5
20.0 20.0 324.0 3.40605255539093E-5
20.0 20.0 332.0 3.40605255539093E-5
20.0 20.0 340.0 3.40605255539093E-5
20.0 20.0 348.0 3.40605255539093E-5
20.0 20.0 356.0 1.703026277695465E-5
20.0 28.0 324.0 1.703026277695465E-5
20.0 28.0 332.0 1.703026277695465E-5
20.0 28.0 340.0 1.703026277695465E-5
20.0 300.0 44.0 1.703026277695465E-5
20.0 300.0 52.0 1.703026277695465E-5
20.0 308.0 36.0 3.40605255539093E-5
20.0 308.0 44.0 6.81210511078186E-5
20.0 308.0 52.0 3.40605255539093E-5
20.0 308.0 60.0 1.703026277695465E-5
20.0 316.0 28.0 0.0015838144382567822
20.0 316.0 36.0 0.09795807149304314
20.0 316.0 44.0 0.04601577002333146
20.0 316.0 52.0 8.515131388477325E-5
20.0 316.0 60.0 3.40605255539093E-5
20.0 324.0 4.0 3.40605255539093E-5
20.0 324.0 12.0 4.257565694238662E-4
20.0 324.0 20.0 0.08988572693676664
20.0 324.0 28.0 0.4238832405184012
20.0 324.0 36.0 0.29666717757454997
20.0 324.0 44.0 0.05950373814267954
20.0 324.0 52.0 6.81210511078186E-5
20.0 324.0 60.0 1.703026277695465E-5
20.0 324.0 348.0 1.703026277695465E-5
20.0 324.0 356.0 1.703026277695465E-5
20.0 332.0 4.0 0.003099507825405746
20.0 332.0 12.0 0.06725250770619391
20.0 332.0 20.0 0.1991348626509307
20.0 332.0 28.0 0.35930448406818916
20.0 332.0 36.0 0.1265859432211039
20.0 332.0 44.0 0.0016178749638106917
20.0 332.0 52.0 3.40605255539093E-5
20.0 332.0 340.0 1.703026277695465E-5
20.0 332.0 348.0 3.40605255539093E-5
20.0 332.0 356.0 8.515131388477325E-5
20.0 340.0 4.0 0.023501762632197415
20.0 340.0 12.0 0.06972189580885232
20.0 340.0 20.0 0.10265842401948262
20.0 340.0 28.0 0.06842759583780378
20.0 340.0 36.0 7.323012994090498E-4
20.0 340.0 44.0 3.40605255539093E-5
20.0 340.0 332.0 1.703026277695465E-5
20.0 340.0 340.0 3.40605255539093E-5
20.0 340.0 348.0 8.515131388477325E-5
20.0 340.0 356.0 0.0011410276060559615
20.0 348.0 4.0 0.013402816805463309
20.0 348.0 12.0 0.0329705887361842
20.0 348.0 20.0 0.01135918527222875
20.0 348.0 28.0 6.81210511078186E-5
20.0 348.0 36.0 1.703026277695465E-5
20.0 348.0 324.0 1.703026277695465E-5
20.0 348.0 332.0 3.40605255539093E-5
20.0 348.0 340.0 3.40605255539093E-5
20.0 348.0 348.0 3.065447299851837E-4
20.0 348.0 356.0 0.0022650249493349683
20.0 356.0 4.0 0.002435327577104515
20.0 356.0 12.0 0.0010729065549481428
20.0 356.0 20.0 3.40605255539093E-5
20.0 356.0 324.0 1.703026277695465E-5
20.0 356.0 332.0 3.40605255539093E-5
20.0 356.0 340.0 8.515131388477325E-5
20.0 356.0 348.0 4.938776205316848E-4
20.0 356.0 356.0 0.0016178749638106917
28.0 4.0 4.0 3.40605255539093E-5
28.0 4.0 324.0 1.703026277695465E-5
28.0 4.0 332.0 3.40605255539093E-5
28.0 4.0 340.0 3.40605255539093E-5
28.0 4.0 348.0 3.40605255539093E-5
28.0 4.0 356.0 3.40605255539093E-5
28.0 12.0 324.0 1.703026277695465E-5
28.0 12.0 332.0 3.40605255539093E-5
28.0 12.0 340.0 3.40605255539093E-5
28.0 12.0 348.0 3.40605255539093E-5
28.0 12.0 356.0 3.40605255539093E-5
28.0 20.0 324.0 1.703026277695465E-5
28.0 20.0 332.0 1.703026277695465E-5
28.0 20.0 340.0 1.703026277695465E-5
28.0 20.0 348.0 1.703026277695465E-5
28.0 300.0 36.0 1.703026277695465E-5
28.0 300.0 44.0 3.40605255539093E-5
28.0 300.0 52.0 3.40605255539093E-5
28.0 308.0 36.0 0.037534699160408046
28.0 308.0 44.0 0.0052453209353020315
28.0 308.0 52.0 6.81210511078186E-5
28.0 308.0 60.0 3.40605255539093E-5
28.0 316.0 4.0 1.703026277695465E-5
28.0 316.0 12.0 3.40605255539093E-5
28.0 316.0 20.0 0.0022990854748888775
28.0 316.0 28.0 0.1804696946473884
28.0 316.0 36.0 0.5753163371310819
28.0 316.0 44.0 0.14504674807132273
28.0 316.0 52.0 3.235749927621383E-4
28.0 316.0 60.0 3.40605255539093E-5
28.0 324.0 4.0 5.619986716395034E-4
28.0 324.0 12.0 0.0509204857030944
28.0 324.0 20.0 0.3077027878540166
28.0 324.0 28.0 0.9946014066997054
28.0 324.0 36.0 0.6700045981709498
28.0 324.0 44.0 0.08830191249850985
28.0 324.0 52.0 5.109078833086395E-5
28.0 324.0 60.0 1.703026277695465E-5
28.0 324.0 348.0 1.703026277695465E-5
28.0 324.0 356.0 3.40605255539093E-5
28.0 332.0 4.0 0.007970162979614776
28.0 332.0 12.0 0.09502886629540694
28.0 332.0 20.0 0.2613293823123691
28.0 332.0 28.0 0.30889490624840343
28.0 332.0 36.0 0.051175939644748716
28.0 332.0 44.0 3.40605255539093E-5
28.0 332.0 52.0 1.703026277695465E-5
28.0 332.0 340.0 1.703026277695465E-5
28.0 332.0 348.0 3.40605255539093E-5
28.0 332.0 356.0 1.5327236499259185E-4
28.0 340.0 4.0 0.008174526132938231
28.0 340.0 12.0 0.050017881775915804
28.0 340.0 20.0 0.056812956623920705
28.0 340.0 28.0 1.8733289054650114E-4
28.0 340.0 332.0 1.703026277695465E-5
28.0 340.0 340.0 3.40605255539093E-5
28.0 340.0 348.0 6.81210511078186E-5
28.0 340.0 356.0 7.152710366320952E-4
28.0 348.0 4.0 0.002077692058788467
28.0 348.0 12.0 0.002520478890989288
28.0 348.0 20.0 8.515131388477325E-5
28.0 348.0 324.0 1.703026277695465E-5
28.0 348.0 332.0 3.40605255539093E-5
28.0 348.0 340.0 3.40605255539093E-5
28.0 348.0 348.0 8.515131388477325E-5
28.0 348.0 356.0 5.79028934416458E-4
28.0 356.0 4.0 1.362421022156372E-4
28.0 356.0 12.0 3.40605255539093E-5
28.0 356.0 324.0 1.703026277695465E-5
28.0 356.0 332.0 3.40605255539093E-5
28.0 356.0 340.0 3.40605255539093E-5
28.0 356.0 348.0 6.81210511078186E-5
28.0 356.0 356.0 1.362421022156372E-4
36.0 4.0 4.0 1.703026277695465E-5
36.0 4.0 332.0 1.703026277695465E-5
36.0 4.0 340.0 1.703026277695465E-5
36.0 4.0 348.0 3.40605255539093E-5
36.0 4.0 356.0 3.40605255539093E-5
36.0 12.0 332.0 1.703026277695465E-5
36.0 12.0 340.0 1.703026277695465E-5
36.0 12.0 348.0 1.703026277695465E-5
36.0 12.0 356.0 1.703026277695465E-5
36.0 292.0 44.0 1.703026277695465E-5
36.0 300.0 28.0 1.703026277695465E-5
36.0 300.0 36.0 3.40605255539093E-5
36.0 300.0 44.0 3.40605255539093E-5
36.0 300.0 52.0 3.40605255539093E-5
36.0 300.0 60.0 1.703026277695465E-5
36.0 308.0 12.0 1.703026277695465E-5
36.0 308.0 20.0 3.40605255539093E-5
36.0 308.0 28.0 0.023961579727175192
36.0 308.0 36.0 0.09240620582775592
36.0 308.0 44.0 0.005466714351402442
36.0 308.0 52.0 6.81210511078186E-5
36.0 308.0 60.0 3.40605255539093E-5
36.0 316.0 4.0 3.40605255539093E-5
36.0 316.0 12.0 7.833920877399138E-4
36.0 316.0 20.0 0.06299494201195524
36.0 316.0 28.0 0.2537679456394012
36.0 316.0 36.0 0.5717570122106984
36.0 316.0 44.0 0.11321718694119451
36.0 316.0 52.0 8.515131388477325E-5
36.0 316.0 60.0 1.703026277695465E-5
36.0 316.0 356.0 1.703026277695465E-5
36.0 324.0 4.0 0.001021815766617279
36.0 324.0 12.0 0.05667671452170507
36.0 324.0 20.0 0.19351487593453567
36.0 324.0 28.0 0.41015684872017577
36.0 324.0 36.0 0.17185238168224937
36.0 324.0 44.0 0.0026226604676510158
36.0 324.0 52.0 3.40605255539093E-5
36.0 324.0 60.0 1.703026277695465E-5
36.0 324.0 348.0 1.703026277695465E-5
36.0 324.0 356.0 3.40605255539093E-5
36.0 332.0 4.0 0.0037636880737069774
36.0 332.0 12.0 0.06147924862480628
36.0 332.0 20.0 0.11439227507280438
36.0 332.0 28.0 0.05315145012687546
36.0 332.0 36.0 1.703026277695465E-5
36.0 332.0 340.0 1.703026277695465E-5
36.0 332.0 348.0 3.40605255539093E-5
36.0 332.0 356.0 8.515131388477325E-5
36.0 340.0 4.0 0.0018222381171341473
36.0 340.0 12.0 0.00626713670191931
36.0 340.0 20.0 0.0018222381171341473
36.0 340.0 332.0 1.703026277695465E-5
36.0 340.0 340.0 3.40605255539093E-5
36.0 340.0 348.0 3.40605255539093E-5
36.0 340.0 356.0 1.362421022156372E-4
36.0 348.0 4.0 1.362421022156372E-4
36.0 348.0 12.0 8.515131388477325E-5
36.0 348.0 20.0 1.703026277695465E-5
36.0 348.0 332.0 1.703026277695465E-5
36.0 348.0 340.0 3.40605255539093E-5
36.0 348.0 348.0 3.40605255539093E-5
36.0 348.0 356.0 8.515131388477325E-5
36.0 356.0 4.0 3.40605255539093E-5
36.0 356.0 12.0 3.40605255539093E-5
36.0 356.0 332.0 1.703026277695465E-5
36.0 356.0 340.0 3.40605255539093E-5
36.0 356.0 348.0 3.40605255539093E-5
36.0 356.0 356.0 3.40605255539093E-5
44.0 4.0 340.0 1.703026277695465E-5
44.0 4.0 348.0 1.703026277695465E-5
44.0 4.0 356.0 1.703026277695465E-5
44.0 292.0 44.0 1.703026277695465E-5
44.0 300.0 28.0 1.703026277695465E-5
44.0 300.0 36.0 3.40605255539093E-5
44.0 300.0 44.0 3.40605255539093E-5
44.0 300.0 52.0 1.703026277695465E-5
44.0 308.0 12.0 3.40605255539093E-5
44.0 308.0 20.0 8.515131388477325E-5
44.0 308.0 28.0 0.0050920485703094395
44.0 308.0 36.0 0.008991978746232055
44.0 308.0 44.0 1.1921183943868254E-4
44.0 308.0 52.0 3.40605255539093E-5
44.0 308.0 60.0 1.703026277695465E-5
44.0 316.0 4.0 3.40605255539093E-5
44.0 316.0 12.0 3.235749927621383E-4
44.0 316.0 20.0 0.015344266762036138
44.0 316.0 28.0 0.0820177455338136
44.0 316.0 36.0 0.09009009009009009
44.0 316.0 44.0 5.79028934416458E-4
44.0 316.0 52.0 3.40605255539093E-5
44.0 316.0 60.0 1.703026277695465E-5
44.0 316.0 356.0 1.703026277695465E-5
44.0 324.0 4.0 1.362421022156372E-4
44.0 324.0 12.0 0.004989866993647712
44.0 324.0 20.0 0.04705461605272569
44.0 324.0 28.0 0.05124406069585654
44.0 324.0 36.0 0.0032187196648444287
44.0 324.0 44.0 1.703026277695465E-5
44.0 324.0 52.0 1.703026277695465E-5
44.0 324.0 348.0 1.703026277695465E-5
44.0 324.0 356.0 3.40605255539093E-5
44.0 332.0 4.0 4.087263066469116E-4
44.0 332.0 12.0 0.0032357499276213834
44.0 332.0 20.0 0.004121323592023025
44.0 332.0 28.0 3.40605255539093E-5
44.0 332.0 340.0 1.703026277695465E-5
44.0 332.0 348.0 3.40605255539093E-5
44.0 332.0 356.0 3.40605255539093E-5
44.0 340.0 4.0 8.515131388477325E-5
44.0 340.0 12.0 1.362421022156372E-4
44.0 340.0 20.0 3.40605255539093E-5
44.0 340.0 340.0 1.703026277695465E-5
44.0 340.0 348.0 3.40605255539093E-5
44.0 340.0 356.0 3.40605255539093E-5
44.0 348.0 4.0 3.40605255539093E-5
44.0 348.0 12.0 3.40605255539093E-5
44.0 348.0 332.0 1.703026277695465E-5
44.0 348.0 340.0 1.703026277695465E-5
44.0 348.0 348.0 3.40605255539093E-5
44.0 348.0 356.0 3.40605255539093E-5
44.0 356.0 4.0 1.703026277695465E-5
44.0 356.0 12.0 1.703026277695465E-5
44.0 356.0 340.0 1.703026277695465E-5
44.0 356.0 348.0 1.703026277695465E-5
44.0 356.0 356.0 3.40605255539093E-5
52.0 300.0 36.0 1.703026277695465E-5
52.0 300.0 44.0 1.703026277695465E-5
52.0 308.0 12.0 1.703026277695465E-5
52.0 308.0 20.0 3.40605255539093E-5
52.0 308.0 28.0 5.109078833086395E-5
52.0 308.0 36.0 3.40605255539093E-5
52.0 308.0 44.0 3.40605255539093E-5
52.0 308.0 52.0 1.703026277695465E-5
52.0 316.0 4.0 1.703026277695465E-5
52.0 316.0 12.0 3.40605255539093E-5
52.0 316.0 20.0 1.021815766617279E-4
52.0 316.0 28.0 6.641802483012312E-4
52.0 316.0 36.0 8.515131388477325E-5
52.0 316.0 44.0 1.703026277695465E-5
52.0 316.0 52.0 1.703026277695465E-5
52.0 324.0 4.0 3.40605255539093E-5
52.0 324.0 12.0 6.81210511078186E-5
52.0 324.0 20.0 1.1921183943868254E-4
52.0 324.0 28.0 8.515131388477325E-5
52.0 324.0 36.0 3.40605255539093E-5
52.0 324.0 356.0 1.703026277695465E-5
52.0 332.0 4.0 3.40605255539093E-5
52.0 332.0 12.0 3.40605255539093E-5
52.0 332.0 20.0 3.40605255539093E-5
52.0 332.0 28.0 1.703026277695465E-5
52.0 332.0 348.0 1.703026277695465E-5
52.0 332.0 356.0 3.40605255539093E-5
52.0 340.0 4.0 3.40605255539093E-5
52.0 340.0 12.0 3.40605255539093E-5
52.0 340.0 20.0 1.703026277695465E-5
52.0 340.0 348.0 1.703026277695465E-5
52.0 340.0 356.0 3.40605255539093E-5
52.0 348.0 4.0 1.703026277695465E-5
52.0 348.0 12.0 1.703026277695465E-5
52.0 348.0 348.0 1.703026277695465E-5
52.0 348.0 356.0 1.703026277695465E-5
52.0 356.0 356.0 1.703026277695465E-5
60.0 316.0 12.0 1.703026277695465E-5
60.0 316.0 20.0 1.703026277695465E-5
60.0 316.0 28.0 1.703026277695465E-5
60.0 324.0 12.0 1.703026277695465E-5
60.0 324.0 20.0 1.703026277695465E-5
60.0 324.0 28.0 1.703026277695465E-5
60.0 332.0 4.0 1.703026277695465E-5
60.0 332.0 12.0 1.703026277695465E-5
300.0 52.0 324.0 1.703026277695465E-5
308.0 28.0 340.0 1.703026277695465E-5
308.0 36.0 324.0 1.703026277695465E-5
308.0 36.0 332.0 1.703026277695465E-5
308.0 36.0 340.0 1.703026277695465E-5
308.0 36.0 348.0 1.703026277695465E-5
308.0 44.0 308.0 1.703026277695465E-5
308.0 44.0 316.0 1.703026277695465E-5
308.0 44.0 324.0 3.40605255539093E-5
308.0 44.0 332.0 3.40605255539093E-5
308.0 44.0 340.0 1.703026277695465E-5
308.0 52.0 308.0 1.703026277695465E-5
308.0 52.0 316.0 3.40605255539093E-5
308.0 52.0 324.0 3.40605255539093E-5
308.0 52.0 332.0 1.703026277695465E-5
308.0 60.0 308.0 1.703026277695465E-5
308.0 60.0 316.0 1.703026277695465E-5
308.0 60.0 324.0 1.703026277695465E-5
308.0 60.0 332.0 1.703026277695465E-5
316.0 20.0 340.0 1.703026277695465E-5
316.0 20.0 348.0 1.703026277695465E-5
316.0 20.0 356.0 1.703026277695465E-5
316.0 28.0 332.0 3.40605255539093E-5
316.0 28.0 340.0 3.40605255539093E-5
316.0 28.0 348.0 3.40605255539093E-5
316.0 28.0 356.0 1.703026277695465E-5
316.0 36.0 316.0 1.703026277695465E-5
316.0 36.0 324.0 1.362421022156372E-4
316.0 36.0 332.0 0.0016349052265876463
316.0 36.0 340.0 1.8733289054650114E-4
316.0 36.0 348.0 3.40605255539093E-5
316.0 36.0 356.0 1.703026277695465E-5
316.0 44.0 308.0 3.40605255539093E-5
316.0 44.0 316.0 7.493315621860046E-4
316.0 44.0 324.0 0.0351504623716344
316.0 44.0 332.0 0.003440113080944839
316.0 44.0 340.0 6.81210511078186E-5
316.0 44.0 348.0 3.40605255539093E-5
316.0 52.0 300.0 1.703026277695465E-5
316.0 52.0 308.0 3.40605255539093E-5
316.0 52.0 316.0 3.235749927621383E-4
316.0 52.0 324.0 0.001362421022156372
316.0 52.0 332.0 6.81210511078186E-5
316.0 52.0 340.0 1.703026277695465E-5
316.0 60.0 308.0 3.40605255539093E-5
316.0 60.0 316.0 3.40605255539093E-5
316.0 60.0 324.0 3.40605255539093E-5
316.0 60.0 332.0 1.703026277695465E-5
316.0 68.0 316.0 1.703026277695465E-5
316.0 68.0 324.0 1.703026277695465E-5
324.0 4.0 4.0 1.703026277695465E-5
324.0 4.0 12.0 1.703026277695465E-5
324.0 4.0 348.0 1.703026277695465E-5
324.0 4.0 356.0 1.703026277695465E-5
324.0 12.0 4.0 1.703026277695465E-5
324.0 12.0 12.0 1.703026277695465E-5
324.0 12.0 340.0 1.703026277695465E-5
324.0 12.0 348.0 3.40605255539093E-5
324.0 12.0 356.0 3.40605255539093E-5
324.0 20.0 4.0 1.703026277695465E-5
324.0 20.0 12.0 1.703026277695465E-5
324.0 20.0 332.0 3.40605255539093E-5
324.0 20.0 340.0 6.81210511078186E-5
324.0 20.0 348.0 5.109078833086395E-5
324.0 20.0 356.0 3.40605255539093E-5
324.0 28.0 4.0 1.703026277695465E-5
324.0 28.0 332.0 0.005654047241948943
324.0 28.0 340.0 0.005040957781978576
324.0 28.0 348.0 2.3842367887736508E-4
324.0 28.0 356.0 3.40605255539093E-5
324.0 36.0 308.0 1.703026277695465E-5
324.0 36.0 316.0 8.344828760707778E-4
324.0 36.0 324.0 0.1661302133891926
324.0 36.0 332.0 0.1691275396379366
324.0 36.0 340.0 0.045232377935591546
324.0 36.0 348.0 1.362421022156372E-4
324.0 36.0 356.0 3.40605255539093E-5
324.0 44.0 300.0 1.703026277695465E-5
324.0 44.0 308.0 3.235749927621383E-4
324.0 44.0 316.0 0.1632350687171103
324.0 44.0 324.0 0.6358589213031557
324.0 44.0 332.0 0.1298216931487253
324.0 44.0 340.0 0.002571569679320152
324.0 44.0 348.0 3.40605255539093E-5
324.0 44.0 356.0 1.703026277695465E-5
324.0 52.0 300.0 3.40605255539093E-5
324.0 52.0 308.0 2.3842367887736508E-4
324.0 52.0 316.0 0.03506531105774962
324.0 52.0 324.0 0.08452119416202591
324.0 52.0 332.0 7.833920877399138E-4
324.0 52.0 340.0 1.703026277695465E-5
324.0 60.0 300.0 1.703026277695465E-5
324.0 60.0 308.0 3.40605255539093E-5
324.0 60.0 316.0 5.109078833086395E-5
324.0 60.0 324.0 3.40605255539093E-5
324.0 60.0 332.0 1.703026277695465E-5
324.0 68.0 316.0 1.703026277695465E-5
324.0 356.0 4.0 1.703026277695465E-5
332.0 4.0 4.0 3.40605255539093E-5
332.0 4.0 12.0 3.40605255539093E-5
332.0 4.0 20.0 1.703026277695465E-5
332.0 4.0 28.0 1.703026277695465E-5
332.0 4.0 340.0 1.703026277695465E-5
332.0 4.0 348.0 3.40605255539093E-5
332.0 4.0 356.0 3.40605255539093E-5
332.0 12.0 4.0 3.40605255539093E-5
332.0 12.0 12.0 3.40605255539093E-5
332.0 12.0 20.0 1.703026277695465E-5
332.0 12.0 340.0 6.81210511078186E-5
332.0 12.0 348.0 1.362421022156372E-4
332.0 12.0 356.0 6.81210511078186E-5
332.0 20.0 4.0 3.40605255539093E-5
332.0 20.0 12.0 1.703026277695465E-5
332.0 20.0 20.0 1.703026277695465E-5
332.0 20.0 332.0 7.323012994090498E-4
332.0 20.0 340.0 0.010184097140618879
332.0 20.0 348.0 0.0022650249493349683
332.0 20.0 356.0 1.1921183943868254E-4
332.0 28.0 4.0 3.40605255539093E-5
332.0 28.0 12.0 1.703026277695465E-5
332.0 28.0 316.0 1.703026277695465E-5
332.0 28.0 324.0 0.04550486214002282
332.0 28.0 332.0 0.1959842640371941
332.0 28.0 340.0 0.09347911238270407
332.0 28.0 348.0 0.004427868322008209
332.0 28.0 356.0 6.81210511078186E-5
332.0 36.0 4.0 1.703026277695465E-5
332.0 36.0 308.0 5.109078833086395E-5
332.0 36.0 316.0 0.12321395119126688
332.0 36.0 324.0 1.0
332.0 36.0 332.0 0.9834125240552462
332.0 36.0 340.0 0.10814216863366202
332.0 36.0 348.0 8.344828760707778E-4
332.0 36.0 356.0 3.40605255539093E-5
332.0 44.0 300.0 3.40605255539093E-5
332.0 44.0 308.0 0.001788177591580238
332.0 44.0 316.0 0.3339464227933037
332.0 44.0 324.0 0.9968664316490403
332.0 44.0 332.0 0.1929699075256731
332.0 44.0 340.0 7.323012994090498E-4
332.0 44.0 348.0 3.40605255539093E-5
332.0 44.0 356.0 1.703026277695465E-5
332.0 52.0 300.0 3.40605255539093E-5
332.0 52.0 308.0 3.40605255539093E-4
332.0 52.0 316.0 0.03506531105774962
332.0 52.0 324.0 0.048229704184335566
332.0 60.0 300.0 1.703026277695465E-5
332.0 60.0 308.0 3.40605255539093E-5
332.0 60.0 316.0 3.40605255539093E-5
332.0 60.0 324.0 1.703026277695465E-5
332.0 340.0 20.0 1.703026277695465E-5
332.0 340.0 28.0 1.703026277695465E-5
332.0 348.0 4.0 1.703026277695465E-5
332.0 348.0 12.0 1.703026277695465E-5
332.0 348.0 20.0 1.703026277695465E-5
332.0 348.0 28.0 1.703026277695465E-5
332.0 356.0 4.0 3.40605255539093E-5
332.0 356.0 12.0 1.703026277695465E-5
332.0 356.0 20.0 1.703026277695465E-5
332.0 356.0 28.0 1.703026277695465E-5
332.0 356.0 348.0 1.703026277695465E-5
332.0 356.0 356.0 1.703026277695465E-5
340.0 4.0 4.0 8.515131388477325E-5
340.0 4.0 12.0 3.40605255539093E-5
340.0 4.0 20.0 3.40605255539093E-5
340.0 4.0 28.0 1.703026277695465E-5
340.0 4.0 36.0 1.703026277695465E-5
340.0 4.0 340.0 3.40605255539093E-5
340.0 4.0 348.0 3.576355183160476E-4
340.0 4.0 356.0 3.746657810930023E-4
340.0 12.0 4.0 1.1921183943868254E-4
340.0 12.0 12.0 3.40605255539093E-5
340.0 12.0 20.0 1.703026277695465E-5
340.0 12.0 28.0 1.703026277695465E-5
340.0 12.0 332.0 5.109078833086395E-5
340.0 12.0 340.0 0.005483744614179397
340.0 12.0 348.0 0.005619986716395034
340.0 12.0 356.0 0.0015327236499259184
340.0 20.0 4.0 6.81210511078186E-5
340.0 20.0 12.0 3.40605255539093E-5
340.0 20.0 20.0 1.703026277695465E-5
340.0 20.0 316.0 3.40605255539093E-5
340.0 20.0 324.0 8.344828760707778E-4
340.0 20.0 332.0 0.07270219179481939
340.0 20.0 340.0 0.07893526797118479
340.0 20.0 348.0 0.03562730972938912
340.0 20.0 356.0 0.0015838144382567822
340.0 28.0 4.0 3.40605255539093E-5
340.0 28.0 12.0 1.703026277695465E-5
340.0 28.0 308.0 3.40605255539093E-5
340.0 28.0 316.0 0.004121323592023025
340.0 28.0 324.0 0.18343296037057852
340.0 28.0 332.0 0.4171562867215041
340.0 28.0 340.0 0.1360207087995368
340.0 28.0 348.0 0.02803181253086735
340.0 28.0 356.0 1.8733289054650114E-4
340.0 36.0 4.0 1.703026277695465E-5
340.0 36.0 308.0 3.065447299851837E-4
340.0 36.0 316.0 0.10740986733425296
340.0 36.0 324.0 0.7492464108721197
340.0 36.0 332.0 0.6001464602598818
340.0 36.0 340.0 0.06422112093189598
340.0 36.0 348.0 2.3842367887736508E-4
340.0 36.0 356.0 3.40605255539093E-5
340.0 44.0 300.0 1.703026277695465E-5
340.0 44.0 308.0 4.257565694238662E-4
340.0 44.0 316.0 0.08438495205981028
340.0 44.0 324.0 0.1376215535005705
340.0 44.0 332.0 6.81210511078186E-5
340.0 52.0 300.0 1.703026277695465E-5
340.0 52.0 308.0 3.40605255539093E-5
340.0 52.0 316.0 1.362421022156372E-4
340.0 52.0 324.0 1.703026277695465E-5
340.0 60.0 308.0 1.703026277695465E-5
340.0 60.0 316.0 1.703026277695465E-5
340.0 332.0 20.0 1.703026277695465E-5
340.0 332.0 28.0 1.703026277695465E-5
340.0 332.0 36.0 1.703026277695465E-5
340.0 340.0 4.0 1.703026277695465E-5
340.0 340.0 12.0 1.703026277695465E-5
340.0 340.0 20.0 1.703026277695465E-5
340.0 340.0 28.0 1.703026277695465E-5
340.0 340.0 36.0 1.703026277695465E-5
340.0 348.0 4.0 3.40605255539093E-5
340.0 348.0 12.0 3.40605255539093E-5
340.0 348.0 20.0 3.40605255539093E-5
340.0 348.0 28.0 1.703026277695465E-5
340.0 348.0 36.0 1.703026277695465E-5
340.0 348.0 44.0 1.703026277695465E-5
340.0 348.0 356.0 1.703026277695465E-5
340.0 356.0 4.0 3.40605255539093E-5
340.0 356.0 12.0 3.40605255539093E-5
340.0 356.0 20.0 3.40605255539093E-5
340.0 356.0 28.0 1.703026277695465E-5
340.0 356.0 36.0 1.703026277695465E-5
340.0 356.0 348.0 3.40605255539093E-5
340.0 356.0 356.0 3.40605255539093E-5
348.0 4.0 4.0 0.0016349052265876463
348.0 4.0 12.0 1.362421022156372E-4
348.0 4.0 20.0 3.40605255539093E-5
348.0 4.0 28.0 3.40605255539093E-5
348.0 4.0 36.0 1.703026277695465E-5
348.0 4.0 324.0 1.703026277695465E-5
348.0 4.0 332.0 3.40605255539093E-5
348.0 4.0 340.0 0.0015838144382567822
348.0 4.0 348.0 0.005347502511963759
348.0 4.0 356.0 0.004530049898669937
348.0 12.0 4.0 8.515131388477324E-4
348.0 12.0 12.0 5.109078833086395E-5
348.0 12.0 20.0 3.40605255539093E-5
348.0 12.0 28.0 1.703026277695465E-5
348.0 12.0 316.0 1.703026277695465E-5
348.0 12.0 324.0 8.515131388477325E-5
348.0 12.0 332.0 0.006709923534120131
348.0 12.0 340.0 0.0452494081983685
348.0 12.0 348.0 0.039322876751988284
348.0 12.0 356.0 0.00849810112570037
348.0 20.0 4.0 8.515131388477325E-5
348.0 20.0 12.0 3.40605255539093E-5
348.0 20.0 20.0 1.703026277695465E-5
348.0 20.0 308.0 1.703026277695465E-5
348.0 20.0 316.0 1.362421022156372E-4
348.0 20.0 324.0 0.030245746691871456
348.0 20.0 332.0 0.09080536112672219
348.0 20.0 340.0 0.09092457296616087
348.0 20.0 348.0 0.05003491203869276
348.0 20.0 356.0 0.003440113080944839
348.0 28.0 4.0 3.40605255539093E-5
348.0 28.0 12.0 1.703026277695465E-5
348.0 28.0 300.0 1.703026277695465E-5
348.0 28.0 308.0 3.40605255539093E-5
348.0 28.0 316.0 0.0056881077675028525
348.0 28.0 324.0 0.10494047923159454
348.0 28.0 332.0 0.15604829782523544
348.0 28.0 340.0 0.09061802823617568
348.0 28.0 348.0 0.00992864319896456
348.0 28.0 356.0 1.021815766617279E-4
348.0 36.0 300.0 1.703026277695465E-5
348.0 36.0 308.0 8.515131388477325E-5
348.0 36.0 316.0 0.027810419114766942
348.0 36.0 324.0 0.09695328598920282
348.0 36.0 332.0 0.07515454963470086
348.0 36.0 340.0 4.087263066469116E-4
348.0 36.0 348.0 1.703026277695465E-5
348.0 36.0 356.0 1.703026277695465E-5
348.0 44.0 308.0 3.40605255539093E-5
348.0 44.0 316.0 9.366644527325057E-4
348.0 44.0 324.0 7.833920877399138E-4
348.0 52.0 308.0 1.703026277695465E-5
348.0 52.0 316.0 1.703026277695465E-5
348.0 324.0 28.0 1.703026277695465E-5
348.0 324.0 36.0 1.703026277695465E-5
348.0 332.0 12.0 1.703026277695465E-5
348.0 332.0 20.0 1.703026277695465E-5
348.0 332.0 28.0 3.40605255539093E-5
348.0 332.0 36.0 1.703026277695465E-5
348.0 332.0 44.0 1.703026277695465E-5
348.0 340.0 4.0 3.40605255539093E-5
348.0 340.0 12.0 3.40605255539093E-5
348.0 340.0 20.0 3.40605255539093E-5
348.0 340.0 28.0 3.40605255539093E-5
348.0 340.0 36.0 3.40605255539093E-5
348.0 340.0 44.0 1.703026277695465E-5
348.0 348.0 4.0 8.515131388477325E-5
348.0 348.0 12.0 8.515131388477325E-5
348.0 348.0 20.0 5.109078833086395E-5
348.0 348.0 28.0 3.40605255539093E-5
348.0 348.0 36.0 3.40605255539093E-5
348.0 348.0 44.0 1.703026277695465E-5
348.0 348.0 356.0 3.40605255539093E-5
348.0 356.0 4.0 8.004223505168685E-4
348.0 356.0 12.0 2.3842367887736508E-4
348.0 356.0 20.0 5.109078833086395E-5
348.0 356.0 28.0 3.40605255539093E-5
348.0 356.0 36.0 1.703026277695465E-5
348.0 356.0 44.0 1.703026277695465E-5
348.0 356.0 340.0 1.703026277695465E-5
348.0 356.0 348.0 1.8733289054650114E-4
348.0 356.0 356.0 9.366644527325057E-4
356.0 4.0 4.0 0.0057051380302798075
356.0 4.0 12.0 8.855736644016417E-4
356.0 4.0 20.0 5.109078833086395E-5
356.0 4.0 28.0 3.40605255539093E-5
356.0 4.0 36.0 1.703026277695465E-5
356.0 4.0 316.0 1.703026277695465E-5
356.0 4.0 324.0 3.40605255539093E-5
356.0 4.0 332.0 4.257565694238662E-4
356.0 4.0 340.0 0.00413835385479998
356.0 4.0 348.0 0.022956794223334867
356.0 4.0 356.0 0.023552853420528277
356.0 12.0 4.0 0.0018222381171341473
356.0 12.0 12.0 6.81210511078186E-5
356.0 12.0 20.0 3.40605255539093E-5
356.0 12.0 28.0 1.703026277695465E-5
356.0 12.0 308.0 1.703026277695465E-5
356.0 12.0 316.0 3.40605255539093E-5
356.0 12.0 324.0 6.130894599703674E-4
356.0 12.0 332.0 0.008293737972376914
356.0 12.0 340.0 0.038931180708118324
356.0 12.0 348.0 0.039152574124218735
356.0 12.0 356.0 0.01619577990088387
356.0 20.0 4.0 6.81210511078186E-5
356.0 20.0 12.0 3.40605255539093E-5
356.0 20.0 20.0 1.703026277695465E-5
356.0 20.0 308.0 3.40605255539093E-5
356.0 20.0 316.0 1.362421022156372E-4
356.0 20.0 324.0 0.005739198555833717
356.0 20.0 332.0 0.04695243447606397
356.0 20.0 340.0 0.05248726987857422
356.0 20.0 348.0 0.02949641512968545
356.0 20.0 356.0 0.002077692058788467
356.0 28.0 4.0 1.703026277695465E-5
356.0 28.0 300.0 1.703026277695465E-5
356.0 28.0 308.0 3.40605255539093E-5
356.0 28.0 316.0 7.663618249629592E-4
356.0 28.0 324.0 0.021492191624516765
356.0 28.0 332.0 0.04393807796454299
356.0 28.0 340.0 0.014935540455389227
356.0 28.0 348.0 4.938776205316848E-4
356.0 28.0 356.0 3.40605255539093E-5
356.0 36.0 300.0 1.703026277695465E-5
356.0 36.0 308.0 3.40605255539093E-5
356.0 36.0 316.0 3.065447299851837E-4
356.0 36.0 324.0 0.0018562986426880566
356.0 36.0 332.0 6.641802483012312E-4
356.0 36.0 340.0 1.703026277695465E-5
356.0 44.0 308.0 1.703026277695465E-5
356.0 44.0 316.0 3.40605255539093E-5
356.0 44.0 324.0 3.40605255539093E-5
356.0 324.0 20.0 1.703026277695465E-5
356.0 324.0 28.0 3.40605255539093E-5
356.0 324.0 36.0 3.40605255539093E-5
356.0 324.0 44.0 1.703026277695465E-5
356.0 332.0 12.0 3.40605255539093E-5
356.0 332.0 20.0 5.109078833086395E-5
356.0 332.0 28.0 6.81210511078186E-5
356.0 332.0 36.0 3.40605255539093E-5
356.0 332.0 44.0 3.40605255539093E-5
356.0 332.0 52.0 1.703026277695465E-5
356.0 340.0 4.0 8.515131388477325E-5
356.0 340.0 12.0 6.130894599703674E-4
356.0 340.0 20.0 6.641802483012312E-4
356.0 340.0 28.0 1.5327236499259185E-4
356.0 340.0 36.0 3.40605255539093E-5
356.0 340.0 44.0 3.40605255539093E-5
356.0 340.0 52.0 1.703026277695465E-5
356.0 340.0 356.0 1.703026277695465E-5
356.0 348.0 4.0 0.0026737512559818796
356.0 348.0 12.0 0.002809993358197517
356.0 348.0 20.0 9.877552410633697E-4
356.0 348.0 28.0 1.021815766617279E-4
356.0 348.0 36.0 3.40605255539093E-5
356.0 348.0 44.0 1.703026277695465E-5
356.0 348.0 340.0 1.703026277695465E-5
356.0 348.0 348.0 3.40605255539093E-5
356.0 348.0 356.0 8.344828760707778E-4
356.0 356.0 4.0 0.007220831417428771
356.0 356.0 12.0 0.0028270236209744716
356.0 356.0 20.0 4.938776205316848E-4
356.0 356.0 28.0 3.40605255539093E-5
356.0 356.0 36.0 3.40605255539093E-5
356.0 356.0 44.0 1.703026277695465E-5
356.0 356.0 324.0 1.703026277695465E-5
356.0 356.0 332.0 3.40605255539093E-5
356.0 356.0 340.0 1.1921183943868254E-4
356.0 356.0 348.0 0.0023842367887736506
356.0 356.0 356.0 0.007203801154651817
