# Table name/description: "Top8000 Asp"
# Number of dimensions: 2
# For each dimension, 1 to 2: lower_bound  upper_bound  number_of_bins  wrapping
#   x1: 0.0 360.0 72 true
#   x2: 0.0 180.0 36 true
# List of table coordinates and values. (Value is last number on each line.)
2.5 72.5 1.4034693762982092E-5
2.5 77.5 1.4034693762982092E-5
2.5 82.5 1.4034693762982092E-5
2.5 87.5 1.4034693762982092E-5
2.5 92.5 1.4034693762982092E-5
2.5 97.5 1.4034693762982092E-5
2.5 102.5 1.4034693762982092E-5
2.5 107.5 1.4034693762982092E-5
7.5 62.5 1.4034693762982092E-5
7.5 67.5 1.4034693762982092E-5
7.5 72.5 1.4034693762982092E-5
7.5 77.5 2.8069387525964184E-5
7.5 82.5 4.210408128894627E-5
7.5 87.5 4.210408128894627E-5
7.5 92.5 4.210408128894627E-5
7.5 97.5 4.210408128894627E-5
7.5 102.5 4.210408128894627E-5
7.5 107.5 1.4034693762982092E-5
7.5 112.5 1.4034693762982092E-5
7.5 117.5 1.4034693762982092E-5
12.5 2.5 1.4034693762982092E-5
12.5 7.5 1.4034693762982092E-5
12.5 12.5 1.4034693762982092E-5
12.5 17.5 1.4034693762982092E-5
12.5 22.5 1.4034693762982092E-5
12.5 27.5 1.4034693762982092E-5
12.5 32.5 1.4034693762982092E-5
12.5 37.5 1.4034693762982092E-5
12.5 42.5 1.4034693762982092E-5
12.5 47.5 1.4034693762982092E-5
12.5 52.5 1.4034693762982092E-5
12.5 57.5 1.4034693762982092E-5
12.5 62.5 1.4034693762982092E-5
12.5 67.5 4.210408128894627E-5
12.5 72.5 4.210408128894627E-5
12.5 77.5 4.210408128894627E-5
12.5 82.5 4.210408128894627E-5
12.5 87.5 4.210408128894627E-5
12.5 92.5 4.210408128894627E-5
12.5 97.5 5.613877505192837E-5
12.5 102.5 4.210408128894627E-5
12.5 107.5 4.210408128894627E-5
12.5 112.5 4.210408128894627E-5
12.5 117.5 4.210408128894627E-5
12.5 122.5 1.4034693762982092E-5
12.5 167.5 1.4034693762982092E-5
12.5 172.5 1.4034693762982092E-5
12.5 177.5 1.4034693762982092E-5
17.5 2.5 4.210408128894627E-5
17.5 7.5 4.210408128894627E-5
17.5 12.5 4.210408128894627E-5
17.5 17.5 4.210408128894627E-5
17.5 22.5 5.613877505192837E-5
17.5 27.5 5.613877505192837E-5
17.5 32.5 5.613877505192837E-5
17.5 37.5 5.613877505192837E-5
17.5 42.5 5.613877505192837E-5
17.5 47.5 5.613877505192837E-5
17.5 52.5 5.613877505192837E-5
17.5 57.5 5.613877505192837E-5
17.5 62.5 5.613877505192837E-5
17.5 67.5 5.613877505192837E-5
17.5 72.5 5.613877505192837E-5
17.5 77.5 5.613877505192837E-5
17.5 82.5 5.613877505192837E-5
17.5 87.5 5.613877505192837E-5
17.5 92.5 5.613877505192837E-5
17.5 97.5 5.613877505192837E-5
17.5 102.5 5.613877505192837E-5
17.5 107.5 5.613877505192837E-5
17.5 112.5 5.613877505192837E-5
17.5 117.5 5.613877505192837E-5
17.5 122.5 4.210408128894627E-5
17.5 127.5 1.4034693762982092E-5
17.5 132.5 1.4034693762982092E-5
17.5 157.5 1.4034693762982092E-5
17.5 162.5 1.4034693762982092E-5
17.5 167.5 4.210408128894627E-5
17.5 172.5 4.210408128894627E-5
17.5 177.5 4.210408128894627E-5
22.5 2.5 7.017346881491046E-5
22.5 7.5 7.017346881491046E-5
22.5 12.5 7.017346881491046E-5
22.5 17.5 7.017346881491046E-5
22.5 22.5 7.017346881491046E-5
22.5 27.5 7.017346881491046E-5
22.5 32.5 1.403469376298209E-4
22.5 37.5 1.5438163139280302E-4
22.5 42.5 1.5438163139280302E-4
22.5 47.5 1.2631224386683884E-4
22.5 52.5 7.017346881491046E-5
22.5 57.5 7.017346881491046E-5
22.5 62.5 7.017346881491046E-5
22.5 67.5 7.017346881491046E-5
22.5 72.5 7.017346881491046E-5
22.5 77.5 7.017346881491046E-5
22.5 82.5 7.017346881491046E-5
22.5 87.5 7.017346881491046E-5
22.5 92.5 7.017346881491046E-5
22.5 97.5 7.017346881491046E-5
22.5 102.5 7.017346881491046E-5
22.5 107.5 7.017346881491046E-5
22.5 112.5 7.017346881491046E-5
22.5 117.5 7.017346881491046E-5
22.5 122.5 5.613877505192837E-5
22.5 127.5 5.613877505192837E-5
22.5 132.5 4.210408128894627E-5
22.5 137.5 4.210408128894627E-5
22.5 142.5 1.4034693762982092E-5
22.5 147.5 2.8069387525964184E-5
22.5 152.5 4.210408128894627E-5
22.5 157.5 4.210408128894627E-5
22.5 162.5 5.613877505192837E-5
22.5 167.5 5.613877505192837E-5
22.5 172.5 5.613877505192837E-5
22.5 177.5 5.613877505192837E-5
27.5 2.5 1.5438163139280302E-4
27.5 7.5 1.684163251557851E-4
27.5 12.5 2.1052040644473137E-4
27.5 17.5 2.6665918149665975E-4
27.5 22.5 3.368326503115702E-4
27.5 27.5 4.63144894178409E-4
27.5 32.5 5.754224442822657E-4
27.5 37.5 6.175265255712121E-4
27.5 42.5 5.754224442822657E-4
27.5 47.5 4.771795879413911E-4
27.5 52.5 3.649020378375344E-4
27.5 57.5 2.6665918149665975E-4
27.5 62.5 1.684163251557851E-4
27.5 67.5 1.684163251557851E-4
27.5 72.5 1.5438163139280302E-4
27.5 77.5 1.5438163139280302E-4
27.5 82.5 1.5438163139280302E-4
27.5 87.5 1.5438163139280302E-4
27.5 92.5 1.684163251557851E-4
27.5 97.5 1.684163251557851E-4
27.5 102.5 1.5438163139280302E-4
27.5 107.5 1.5438163139280302E-4
27.5 112.5 1.5438163139280302E-4
27.5 117.5 1.403469376298209E-4
27.5 122.5 7.017346881491046E-5
27.5 127.5 7.017346881491046E-5
27.5 132.5 7.017346881491046E-5
27.5 137.5 5.613877505192837E-5
27.5 142.5 5.613877505192837E-5
27.5 147.5 5.613877505192837E-5
27.5 152.5 7.017346881491046E-5
27.5 157.5 7.017346881491046E-5
27.5 162.5 7.017346881491046E-5
27.5 167.5 7.017346881491046E-5
27.5 172.5 7.017346881491046E-5
27.5 177.5 1.403469376298209E-4
32.5 2.5 0.0010245326446976927
32.5 7.5 0.0010526020322236568
32.5 12.5 0.0011227755010385673
32.5 17.5 0.0012631224386683883
32.5 22.5 0.0013332959074832988
32.5 27.5 0.001361365295009263
32.5 32.5 0.0014596081513501375
32.5 37.5 0.0015017122326390839
32.5 42.5 0.0014455734575871554
32.5 47.5 0.0011789142760904956
32.5 52.5 9.12255094593836E-4
32.5 57.5 7.71908156964015E-4
32.5 62.5 6.596306068601583E-4
32.5 67.5 5.473530567563016E-4
32.5 72.5 4.771795879413911E-4
32.5 77.5 4.63144894178409E-4
32.5 82.5 4.4911020041542694E-4
32.5 87.5 4.4911020041542694E-4
32.5 92.5 4.63144894178409E-4
32.5 97.5 4.63144894178409E-4
32.5 102.5 4.3507550665244487E-4
32.5 107.5 4.4911020041542694E-4
32.5 112.5 4.63144894178409E-4
32.5 117.5 4.771795879413911E-4
32.5 122.5 4.63144894178409E-4
32.5 127.5 3.368326503115702E-4
32.5 132.5 2.1052040644473137E-4
32.5 137.5 1.684163251557851E-4
32.5 142.5 1.2631224386683884E-4
32.5 147.5 1.2631224386683884E-4
32.5 152.5 1.684163251557851E-4
32.5 157.5 2.6665918149665975E-4
32.5 162.5 4.4911020041542694E-4
32.5 167.5 5.333183629933195E-4
32.5 172.5 7.017346881491046E-4
32.5 177.5 8.841857070678718E-4
37.5 2.5 0.004547240779206198
37.5 7.5 0.004519171391680233
37.5 12.5 0.004617414248021108
37.5 17.5 0.0046875877168360185
37.5 22.5 0.004785830573176894
37.5 27.5 0.004926177510806714
37.5 32.5 0.004617414248021108
37.5 37.5 0.004547240779206198
37.5 42.5 0.004350755066524449
37.5 47.5 0.003494638746982541
37.5 52.5 0.0025543142648627405
37.5 57.5 0.0020490652893953853
37.5 62.5 0.0018946836580025824
37.5 67.5 0.0016420591702689046
37.5 72.5 0.0014175040700611912
37.5 77.5 0.0011789142760904956
37.5 82.5 0.0011368101948015495
37.5 87.5 0.0012350530511424241
37.5 92.5 0.0013052265199573346
37.5 97.5 0.0013052265199573346
37.5 102.5 0.0012911918261943524
37.5 107.5 0.0013332959074832988
37.5 112.5 0.0014736428451131197
37.5 117.5 0.001529781620165048
37.5 122.5 0.0015157469264020658
37.5 127.5 0.0014736428451131197
37.5 132.5 0.0012911918261943524
37.5 137.5 0.0010385673384606749
37.5 142.5 9.824285634087463E-4
37.5 147.5 9.824285634087463E-4
37.5 152.5 0.0010526020322236568
37.5 157.5 0.0013192612137203166
37.5 162.5 0.0015999550889799585
37.5 167.5 0.00214730814573626
37.5 172.5 0.0029613203839892214
37.5 177.5 0.004070061191264807
42.5 2.5 0.020476618200190873
42.5 7.5 0.01911525290518161
42.5 12.5 0.01764161006006849
42.5 17.5 0.01738898557233481
42.5 22.5 0.01730477740975692
42.5 27.5 0.017010048840734295
42.5 32.5 0.016069724358614496
42.5 37.5 0.01515746926402066
42.5 42.5 0.014806601919946106
42.5 47.5 0.01348734070622579
42.5 52.5 0.009922528490428338
42.5 57.5 0.007298040756750688
42.5 62.5 0.006301577499578959
42.5 67.5 0.005375287711222141
42.5 72.5 0.004547240779206198
42.5 77.5 0.003789367316005165
42.5 82.5 0.0034384999719306126
42.5 87.5 0.0034525346656935946
42.5 92.5 0.0035367428282714873
42.5 97.5 0.003929714253634985
42.5 102.5 0.004926177510806714
42.5 107.5 0.0059086060742154604
42.5 112.5 0.006343681580867905
42.5 117.5 0.006399820355919834
42.5 122.5 0.006582271374838601
42.5 127.5 0.006498063212260708
42.5 132.5 0.006343681580867905
42.5 137.5 0.006203334643238085
42.5 142.5 0.006329646887104924
42.5 147.5 0.006652444843653511
42.5 152.5 0.006891034637624207
42.5 157.5 0.006876999943861225
42.5 162.5 0.007550665244484366
42.5 167.5 0.010778644809970246
42.5 172.5 0.01571885701453994
42.5 177.5 0.019620501880648965
47.5 2.5 0.0707629259529557
47.5 7.5 0.06389996070285746
47.5 12.5 0.06186493010722506
47.5 17.5 0.0606579464436086
47.5 22.5 0.055394936282490315
47.5 27.5 0.052138887329478474
47.5 32.5 0.04909335878291136
47.5 37.5 0.04658114859933756
47.5 42.5 0.04434963229102341
47.5 47.5 0.040139224162128784
47.5 52.5 0.03145174872284287
47.5 57.5 0.022371301858193453
47.5 62.5 0.016589008027844833
47.5 67.5 0.013164542749677202
47.5 72.5 0.010455846853421658
47.5 77.5 0.008940099927019593
47.5 82.5 0.008392746870263292
47.5 87.5 0.008505024420367147
47.5 92.5 0.009319036658620109
47.5 97.5 0.011662830517038118
47.5 102.5 0.017206534553416045
47.5 107.5 0.023718632459439736
47.5 112.5 0.026595744680851064
47.5 117.5 0.02690450794363667
47.5 122.5 0.028125526301016113
47.5 127.5 0.029767585471285017
47.5 132.5 0.03025879975298939
47.5 137.5 0.029290405883343626
47.5 142.5 0.028139560994779093
47.5 147.5 0.029276371189580642
47.5 152.5 0.032420142592488634
47.5 157.5 0.035535844607870654
47.5 162.5 0.03856733846067479
47.5 167.5 0.05074945264694324
47.5 172.5 0.06439117498456183
47.5 177.5 0.07314882389266267
52.5 2.5 0.20722225341043057
52.5 7.5 0.19630326166283052
52.5 12.5 0.19061921068882276
52.5 17.5 0.1765704822320777
52.5 22.5 0.16137090888676808
52.5 27.5 0.14531521922191656
52.5 32.5 0.12742098467411442
52.5 37.5 0.10363217874585977
52.5 42.5 0.08601863807331724
52.5 47.5 0.07185763206646831
52.5 52.5 0.055072138325941725
52.5 57.5 0.04110761803177455
52.5 62.5 0.031044742603716386
52.5 67.5 0.024462471228877784
52.5 72.5 0.020013473306012462
52.5 77.5 0.018539830460899343
52.5 82.5 0.01911525290518161
52.5 87.5 0.020771346769213495
52.5 92.5 0.024195812047381127
52.5 97.5 0.03176051198562847
52.5 102.5 0.04513557514175041
52.5 107.5 0.05679840565878853
52.5 112.5 0.06377364845899063
52.5 117.5 0.0693594565766575
52.5 122.5 0.0771908156964015
52.5 127.5 0.08415202380284062
52.5 132.5 0.08604670746084321
52.5 137.5 0.08500814012238253
52.5 142.5 0.08304328299556504
52.5 147.5 0.0829871442205131
52.5 152.5 0.09180093190366587
52.5 157.5 0.106579464436086
52.5 162.5 0.13279627238533656
52.5 167.5 0.16963734351316453
52.5 172.5 0.19824004940212206
52.5 177.5 0.21073092685117611
57.5 2.5 0.4335316903385168
57.5 7.5 0.42126536798967046
57.5 12.5 0.3945152416774266
57.5 17.5 0.3625442092853534
57.5 22.5 0.3315977095379779
57.5 27.5 0.27997810587772975
57.5 32.5 0.21713074720709594
57.5 37.5 0.15842362319654185
57.5 42.5 0.10857239095042946
57.5 47.5 0.08460113400325604
57.5 52.5 0.06528939538539269
57.5 57.5 0.05059507101555044
57.5 62.5 0.040700611912648066
57.5 67.5 0.033192050749452646
57.5 72.5 0.02933250996463257
57.5 77.5 0.030216695671700444
57.5 82.5 0.03333239768708247
57.5 87.5 0.03755684050974008
57.5 92.5 0.04360579352158536
57.5 97.5 0.0555633526076461
57.5 102.5 0.07317689328018863
57.5 107.5 0.08719755234940774
57.5 112.5 0.09716218492112502
57.5 117.5 0.11201089092236008
57.5 122.5 0.13617863358221524
57.5 127.5 0.15365182731712795
57.5 132.5 0.16114635378656036
57.5 137.5 0.16510413742772131
57.5 142.5 0.1683461516869702
57.5 147.5 0.17950373322854096
57.5 152.5 0.20890641666198845
57.5 157.5 0.25064559591309715
57.5 162.5 0.3034862179307248
57.5 167.5 0.3743473867400213
57.5 172.5 0.41827597821815526
57.5 177.5 0.42988266996014146
62.5 2.5 0.5782434177286252
62.5 7.5 0.5484617975635772
62.5 12.5 0.5299640711839667
62.5 17.5 0.5067226183124685
62.5 22.5 0.4406051759950598
62.5 27.5 0.3122438668388256
62.5 32.5 0.2083871329927581
62.5 37.5 0.13109807444001573
62.5 42.5 0.08412395441531466
62.5 47.5 0.0643490709032729
62.5 52.5 0.05288272609891652
62.5 57.5 0.04507943636669848
62.5 62.5 0.03890417111098636
62.5 67.5 0.03437096502554314
62.5 72.5 0.032897322180430025
62.5 77.5 0.036756862965250096
62.5 82.5 0.0416970751698198
62.5 87.5 0.04712850165609386
62.5 92.5 0.05327569752428002
62.5 97.5 0.0649665974288441
62.5 102.5 0.07702239937124572
62.5 107.5 0.08500814012238253
62.5 112.5 0.09220793802279234
62.5 117.5 0.10838993993151069
62.5 122.5 0.13695054173917925
62.5 127.5 0.15662718239488013
62.5 132.5 0.16567955987200358
62.5 137.5 0.1743670353112895
62.5 142.5 0.19286476169089992
62.5 147.5 0.22409195531353507
62.5 152.5 0.27385897939706955
62.5 157.5 0.32327513613652953
62.5 162.5 0.3937152641329366
62.5 167.5 0.4746533430640543
62.5 172.5 0.5208695896255544
62.5 177.5 0.5630298096895526
67.5 2.5 0.577569752428002
67.5 7.5 0.5459215179924775
67.5 12.5 0.5265817099870881
67.5 17.5 0.4906809633413799
67.5 22.5 0.37075450513669794
67.5 27.5 0.2082187166676023
67.5 32.5 0.11217930724751586
67.5 37.5 0.06659462190535002
67.5 42.5 0.044770673103912875
67.5 47.5 0.03583057317689328
67.5 52.5 0.032307865042384774
67.5 57.5 0.029739516083759052
67.5 62.5 0.027816763038230507
67.5 67.5 0.02630101611182844
67.5 72.5 0.02725537528771122
67.5 77.5 0.032434177286251614
67.5 82.5 0.03841295682928199
67.5 87.5 0.04260933026441363
67.5 92.5 0.04719867512490877
67.5 97.5 0.052237130185819346
67.5 102.5 0.055479144445068206
67.5 107.5 0.05521248526357155
67.5 112.5 0.0574440015718857
67.5 117.5 0.06780160556896649
67.5 122.5 0.08225734014483804
67.5 127.5 0.09375175433672037
67.5 132.5 0.09960422163588391
67.5 137.5 0.10763206646830967
67.5 142.5 0.13681019480154943
67.5 147.5 0.17807219446471678
67.5 152.5 0.21894122270252064
67.5 157.5 0.26305226519957337
67.5 162.5 0.34354123393027564
67.5 167.5 0.4426682759782182
67.5 172.5 0.49727726940998146
67.5 177.5 0.554847583225734
72.5 2.5 0.3787963846628867
72.5 7.5 0.38007354179531805
72.5 12.5 0.3561163195419076
72.5 17.5 0.28633582215236064
72.5 22.5 0.18082299444226127
72.5 27.5 0.08881154213215067
72.5 32.5 0.04547240779206198
72.5 37.5 0.02663784876214001
72.5 42.5 0.017810026385224276
72.5 47.5 0.014638185594790321
72.5 52.5 0.014610116207264358
72.5 57.5 0.014848706001235053
72.5 62.5 0.014876775388761017
72.5 67.5 0.014989052938864874
72.5 72.5 0.016589008027844833
72.5 77.5 0.020911693706843315
72.5 82.5 0.025655420198731262
72.5 87.5 0.02837815078874979
72.5 92.5 0.030497389546960085
72.5 97.5 0.03227979565485881
72.5 102.5 0.030679840565878854
72.5 107.5 0.028293942626171898
72.5 112.5 0.02898164262055802
72.5 117.5 0.032827148711615114
72.5 122.5 0.0387918935608825
72.5 127.5 0.04551451187335093
72.5 132.5 0.05008982204008309
72.5 137.5 0.05549317913883119
72.5 142.5 0.07309268511761073
72.5 147.5 0.09713411553359906
72.5 152.5 0.12410879694605063
72.5 157.5 0.1628445517318812
72.5 162.5 0.21627463088755403
72.5 167.5 0.2878656037725257
72.5 172.5 0.3379975298938977
72.5 177.5 0.36533711334418684
77.5 2.5 0.1415258519059114
77.5 7.5 0.14587660697243587
77.5 12.5 0.12166676023129175
77.5 17.5 0.08130298096895526
77.5 22.5 0.048293381238421376
77.5 27.5 0.024364228372536913
77.5 32.5 0.011508448885645315
77.5 37.5 0.007550665244484366
77.5 42.5 0.005655981586481783
77.5 47.5 0.005347218323696177
77.5 52.5 0.005557738730140908
77.5 57.5 0.0058805366866894965
77.5 62.5 0.006048953011845282
77.5 67.5 0.006301577499578959
77.5 72.5 0.006989277493965082
77.5 77.5 0.009585695840116768
77.5 82.5 0.012897883568180543
77.5 87.5 0.015017122326390839
77.5 92.5 0.01616796721495537
77.5 97.5 0.016546903946555887
77.5 102.5 0.015129399876494695
77.5 107.5 0.012897883568180543
77.5 112.5 0.012266322348846349
77.5 117.5 0.01341716723741088
77.5 122.5 0.01536798967046539
77.5 127.5 0.018694212092292148
77.5 132.5 0.02308707124010554
77.5 137.5 0.02745186100039297
77.5 142.5 0.03571829562678942
77.5 147.5 0.047268848593723684
77.5 152.5 0.059408858698703194
77.5 157.5 0.07434177286251614
77.5 162.5 0.0943552461685286
77.5 167.5 0.11797563577162747
77.5 172.5 0.13601021725705945
77.5 177.5 0.13324538258575197
82.5 2.5 0.04527592207938023
82.5 7.5 0.04071464660641105
82.5 12.5 0.028967607926795036
82.5 17.5 0.01577499578959187
82.5 22.5 0.006582271374838601
82.5 27.5 0.0031578060966709707
82.5 32.5 0.0022595856958401166
82.5 37.5 0.0019087183517655644
82.5 42.5 0.0018385448829506541
82.5 47.5 0.0018946836580025824
82.5 52.5 0.0019087183517655644
82.5 57.5 0.0019087183517655644
82.5 62.5 0.0019087183517655644
82.5 67.5 0.002006961208106439
82.5 72.5 0.0025402795710997585
82.5 77.5 0.003789367316005165
82.5 82.5 0.00550159995508898
82.5 87.5 0.00670858361870544
82.5 92.5 0.007213832594172795
82.5 97.5 0.007059450962779992
82.5 102.5 0.006582271374838601
82.5 107.5 0.005599842811429855
82.5 112.5 0.0050945938359624994
82.5 117.5 0.005080559142199517
82.5 122.5 0.005543704036377926
82.5 127.5 0.00670858361870544
82.5 132.5 0.00844888564531522
82.5 137.5 0.010385673384606747
82.5 142.5 0.01416100600684893
82.5 147.5 0.01938191208667827
82.5 152.5 0.024504575310166733
82.5 157.5 0.02920619772076573
82.5 162.5 0.03449727726940998
82.5 167.5 0.03799191601639252
82.5 172.5 0.0395778364116095
82.5 177.5 0.04238477516420592
87.5 2.5 0.010104979509347106
87.5 7.5 0.007143659125357885
87.5 12.5 0.004112165272553753
87.5 17.5 0.0018385448829506541
87.5 22.5 7.71908156964015E-4
87.5 27.5 4.771795879413911E-4
87.5 32.5 5.192836692303374E-4
87.5 37.5 6.0349183180823E-4
87.5 42.5 6.315612193341941E-4
87.5 47.5 6.596306068601583E-4
87.5 52.5 7.017346881491046E-4
87.5 57.5 6.736653006231404E-4
87.5 62.5 6.455959130971762E-4
87.5 67.5 6.596306068601583E-4
87.5 72.5 8.140122382529613E-4
87.5 77.5 0.0011227755010385673
87.5 82.5 0.0017122326390838151
87.5 87.5 0.0023858979397069556
87.5 92.5 0.002778869365070454
87.5 97.5 0.002778869365070454
87.5 102.5 0.0025402795710997585
87.5 107.5 0.002273620389603099
87.5 112.5 0.0019227530455285466
87.5 117.5 0.0018946836580025824
87.5 122.5 0.0020771346769213497
87.5 127.5 0.002624487733677651
87.5 132.5 0.003340257115589738
87.5 137.5 0.00422444282265761
87.5 142.5 0.005487565261325998
87.5 147.5 0.0066945489249424575
87.5 152.5 0.007466457081906473
87.5 157.5 0.007929601976084881
87.5 162.5 0.008322573401448381
87.5 167.5 0.00825239993263347
87.5 172.5 0.008813787683152753
87.5 177.5 0.010175152978162016
92.5 2.5 0.0017403020266097795
92.5 7.5 0.0011227755010385673
92.5 12.5 4.63144894178409E-4
92.5 17.5 8.420816257789255E-5
92.5 22.5 7.017346881491046E-5
92.5 27.5 7.017346881491046E-5
92.5 32.5 7.017346881491046E-5
92.5 37.5 7.017346881491046E-5
92.5 42.5 1.2631224386683884E-4
92.5 47.5 1.403469376298209E-4
92.5 52.5 1.5438163139280302E-4
92.5 57.5 1.5438163139280302E-4
92.5 62.5 1.403469376298209E-4
92.5 67.5 1.2631224386683884E-4
92.5 72.5 1.5438163139280302E-4
92.5 77.5 1.684163251557851E-4
92.5 82.5 4.3507550665244487E-4
92.5 87.5 6.596306068601583E-4
92.5 92.5 8.140122382529613E-4
92.5 97.5 8.561163195419076E-4
92.5 102.5 8.841857070678718E-4
92.5 107.5 8.841857070678718E-4
92.5 112.5 8.701510133048897E-4
92.5 117.5 8.701510133048897E-4
92.5 122.5 9.824285634087463E-4
92.5 127.5 0.0011648795823275136
92.5 132.5 0.0014175040700611912
92.5 137.5 0.0016139897827429405
92.5 142.5 0.0019087183517655644
92.5 147.5 0.0022595856958401166
92.5 152.5 0.002301689777129063
92.5 157.5 0.0022455510020771346
92.5 162.5 0.0020209959018694214
92.5 167.5 0.0018946836580025824
92.5 172.5 0.0018385448829506541
92.5 177.5 0.0019087183517655644
97.5 2.5 1.684163251557851E-4
97.5 7.5 7.017346881491046E-5
97.5 12.5 5.613877505192837E-5
97.5 17.5 4.210408128894627E-5
97.5 22.5 4.210408128894627E-5
97.5 27.5 4.210408128894627E-5
97.5 32.5 5.613877505192837E-5
97.5 37.5 5.613877505192837E-5
97.5 42.5 5.613877505192837E-5
97.5 47.5 5.613877505192837E-5
97.5 52.5 5.613877505192837E-5
97.5 57.5 5.613877505192837E-5
97.5 62.5 5.613877505192837E-5
97.5 67.5 5.613877505192837E-5
97.5 72.5 5.613877505192837E-5
97.5 77.5 5.613877505192837E-5
97.5 82.5 7.017346881491046E-5
97.5 87.5 7.017346881491046E-5
97.5 92.5 9.824285634087465E-5
97.5 97.5 1.684163251557851E-4
97.5 102.5 2.6665918149665975E-4
97.5 107.5 3.368326503115702E-4
97.5 112.5 3.7893673160051646E-4
97.5 117.5 4.63144894178409E-4
97.5 122.5 5.192836692303374E-4
97.5 127.5 5.754224442822657E-4
97.5 132.5 6.315612193341941E-4
97.5 137.5 6.876999943861225E-4
97.5 142.5 7.438387694380508E-4
97.5 147.5 7.71908156964015E-4
97.5 152.5 7.999775444899793E-4
97.5 157.5 7.71908156964015E-4
97.5 162.5 7.298040756750688E-4
97.5 167.5 6.596306068601583E-4
97.5 172.5 5.192836692303374E-4
97.5 177.5 3.368326503115702E-4
102.5 2.5 5.613877505192837E-5
102.5 7.5 4.210408128894627E-5
102.5 12.5 1.4034693762982092E-5
102.5 17.5 1.4034693762982092E-5
102.5 22.5 1.4034693762982092E-5
102.5 27.5 2.8069387525964184E-5
102.5 32.5 4.210408128894627E-5
102.5 37.5 4.210408128894627E-5
102.5 42.5 4.210408128894627E-5
102.5 47.5 4.210408128894627E-5
102.5 52.5 4.210408128894627E-5
102.5 57.5 4.210408128894627E-5
102.5 62.5 4.210408128894627E-5
102.5 67.5 4.210408128894627E-5
102.5 72.5 4.210408128894627E-5
102.5 77.5 4.210408128894627E-5
102.5 82.5 4.210408128894627E-5
102.5 87.5 5.613877505192837E-5
102.5 92.5 5.613877505192837E-5
102.5 97.5 7.017346881491046E-5
102.5 102.5 7.017346881491046E-5
102.5 107.5 7.017346881491046E-5
102.5 112.5 1.403469376298209E-4
102.5 117.5 1.5438163139280302E-4
102.5 122.5 1.684163251557851E-4
102.5 127.5 1.684163251557851E-4
102.5 132.5 1.684163251557851E-4
102.5 137.5 1.684163251557851E-4
102.5 142.5 1.684163251557851E-4
102.5 147.5 1.684163251557851E-4
102.5 152.5 1.684163251557851E-4
102.5 157.5 1.684163251557851E-4
102.5 162.5 1.684163251557851E-4
102.5 167.5 1.5438163139280302E-4
102.5 172.5 8.420816257789255E-5
102.5 177.5 7.017346881491046E-5
107.5 2.5 2.8069387525964184E-5
107.5 7.5 1.4034693762982092E-5
107.5 27.5 1.4034693762982092E-5
107.5 32.5 1.4034693762982092E-5
107.5 37.5 1.4034693762982092E-5
107.5 42.5 1.4034693762982092E-5
107.5 47.5 1.4034693762982092E-5
107.5 52.5 1.4034693762982092E-5
107.5 57.5 1.4034693762982092E-5
107.5 62.5 1.4034693762982092E-5
107.5 67.5 1.4034693762982092E-5
107.5 72.5 2.8069387525964184E-5
107.5 77.5 4.210408128894627E-5
107.5 82.5 4.210408128894627E-5
107.5 87.5 4.210408128894627E-5
107.5 92.5 4.210408128894627E-5
107.5 97.5 5.613877505192837E-5
107.5 102.5 5.613877505192837E-5
107.5 107.5 7.017346881491046E-5
107.5 112.5 7.017346881491046E-5
107.5 117.5 7.017346881491046E-5
107.5 122.5 7.017346881491046E-5
107.5 127.5 7.017346881491046E-5
107.5 132.5 7.017346881491046E-5
107.5 137.5 7.017346881491046E-5
107.5 142.5 7.017346881491046E-5
107.5 147.5 7.017346881491046E-5
107.5 152.5 7.017346881491046E-5
107.5 157.5 7.017346881491046E-5
107.5 162.5 7.017346881491046E-5
107.5 167.5 7.017346881491046E-5
107.5 172.5 5.613877505192837E-5
107.5 177.5 4.210408128894627E-5
112.5 32.5 1.4034693762982092E-5
112.5 37.5 1.4034693762982092E-5
112.5 42.5 1.4034693762982092E-5
112.5 47.5 1.4034693762982092E-5
112.5 52.5 1.4034693762982092E-5
112.5 57.5 1.4034693762982092E-5
112.5 62.5 1.4034693762982092E-5
112.5 67.5 1.4034693762982092E-5
112.5 72.5 1.4034693762982092E-5
112.5 77.5 1.4034693762982092E-5
112.5 82.5 1.4034693762982092E-5
112.5 87.5 4.210408128894627E-5
112.5 92.5 4.210408128894627E-5
112.5 97.5 4.210408128894627E-5
112.5 102.5 4.210408128894627E-5
112.5 107.5 5.613877505192837E-5
112.5 112.5 5.613877505192837E-5
112.5 117.5 5.613877505192837E-5
112.5 122.5 5.613877505192837E-5
112.5 127.5 5.613877505192837E-5
112.5 132.5 5.613877505192837E-5
112.5 137.5 5.613877505192837E-5
112.5 142.5 4.210408128894627E-5
112.5 147.5 4.210408128894627E-5
112.5 152.5 4.210408128894627E-5
112.5 157.5 5.613877505192837E-5
112.5 162.5 4.210408128894627E-5
112.5 167.5 4.210408128894627E-5
112.5 172.5 4.210408128894627E-5
112.5 177.5 1.4034693762982092E-5
117.5 72.5 1.4034693762982092E-5
117.5 77.5 1.4034693762982092E-5
117.5 82.5 1.4034693762982092E-5
117.5 87.5 1.4034693762982092E-5
117.5 92.5 2.8069387525964184E-5
117.5 97.5 4.210408128894627E-5
117.5 102.5 4.210408128894627E-5
117.5 107.5 4.210408128894627E-5
117.5 112.5 4.210408128894627E-5
117.5 117.5 4.210408128894627E-5
117.5 122.5 4.210408128894627E-5
117.5 127.5 4.210408128894627E-5
117.5 132.5 4.210408128894627E-5
117.5 137.5 2.8069387525964184E-5
117.5 142.5 1.4034693762982092E-5
117.5 147.5 1.4034693762982092E-5
117.5 152.5 1.4034693762982092E-5
117.5 157.5 1.4034693762982092E-5
117.5 162.5 1.4034693762982092E-5
117.5 167.5 1.4034693762982092E-5
117.5 172.5 1.4034693762982092E-5
122.5 27.5 1.4034693762982092E-5
122.5 32.5 1.4034693762982092E-5
122.5 72.5 1.4034693762982092E-5
122.5 77.5 1.4034693762982092E-5
122.5 82.5 1.4034693762982092E-5
122.5 87.5 1.4034693762982092E-5
122.5 92.5 1.4034693762982092E-5
122.5 97.5 1.4034693762982092E-5
122.5 102.5 1.4034693762982092E-5
122.5 107.5 1.4034693762982092E-5
122.5 112.5 1.4034693762982092E-5
122.5 117.5 1.4034693762982092E-5
122.5 122.5 1.4034693762982092E-5
122.5 127.5 1.4034693762982092E-5
122.5 132.5 1.4034693762982092E-5
122.5 137.5 1.4034693762982092E-5
127.5 22.5 1.4034693762982092E-5
127.5 27.5 1.4034693762982092E-5
127.5 32.5 1.4034693762982092E-5
127.5 37.5 1.4034693762982092E-5
127.5 42.5 1.4034693762982092E-5
127.5 62.5 1.4034693762982092E-5
127.5 67.5 1.4034693762982092E-5
127.5 72.5 1.4034693762982092E-5
127.5 77.5 1.4034693762982092E-5
127.5 82.5 2.8069387525964184E-5
127.5 87.5 4.210408128894627E-5
127.5 92.5 2.8069387525964184E-5
127.5 97.5 1.4034693762982092E-5
127.5 102.5 1.4034693762982092E-5
127.5 107.5 1.4034693762982092E-5
127.5 112.5 1.4034693762982092E-5
127.5 117.5 1.4034693762982092E-5
132.5 12.5 1.4034693762982092E-5
132.5 17.5 1.4034693762982092E-5
132.5 22.5 1.4034693762982092E-5
132.5 27.5 2.8069387525964184E-5
132.5 32.5 4.210408128894627E-5
132.5 37.5 4.210408128894627E-5
132.5 42.5 4.210408128894627E-5
132.5 47.5 2.8069387525964184E-5
132.5 52.5 1.4034693762982092E-5
132.5 57.5 1.4034693762982092E-5
132.5 62.5 1.4034693762982092E-5
132.5 67.5 2.8069387525964184E-5
132.5 72.5 4.210408128894627E-5
132.5 77.5 4.210408128894627E-5
132.5 82.5 4.210408128894627E-5
132.5 87.5 4.210408128894627E-5
132.5 92.5 4.210408128894627E-5
132.5 97.5 4.210408128894627E-5
132.5 102.5 1.4034693762982092E-5
132.5 107.5 1.4034693762982092E-5
132.5 112.5 1.4034693762982092E-5
137.5 2.5 1.4034693762982092E-5
137.5 7.5 1.4034693762982092E-5
137.5 12.5 1.4034693762982092E-5
137.5 17.5 4.210408128894627E-5
137.5 22.5 5.613877505192837E-5
137.5 27.5 5.613877505192837E-5
137.5 32.5 7.017346881491046E-5
137.5 37.5 7.017346881491046E-5
137.5 42.5 7.017346881491046E-5
137.5 47.5 5.613877505192837E-5
137.5 52.5 5.613877505192837E-5
137.5 57.5 5.613877505192837E-5
137.5 62.5 4.210408128894627E-5
137.5 67.5 4.210408128894627E-5
137.5 72.5 4.210408128894627E-5
137.5 77.5 4.210408128894627E-5
137.5 82.5 5.613877505192837E-5
137.5 87.5 5.613877505192837E-5
137.5 92.5 4.210408128894627E-5
137.5 97.5 4.210408128894627E-5
137.5 102.5 4.210408128894627E-5
137.5 107.5 1.4034693762982092E-5
137.5 112.5 1.4034693762982092E-5
142.5 2.5 4.210408128894627E-5
142.5 7.5 4.210408128894627E-5
142.5 12.5 5.613877505192837E-5
142.5 17.5 7.017346881491046E-5
142.5 22.5 9.824285634087465E-5
142.5 27.5 1.684163251557851E-4
142.5 32.5 2.6665918149665975E-4
142.5 37.5 2.6665918149665975E-4
142.5 42.5 1.964857126817493E-4
142.5 47.5 1.5438163139280302E-4
142.5 52.5 7.017346881491046E-5
142.5 57.5 7.017346881491046E-5
142.5 62.5 7.017346881491046E-5
142.5 67.5 5.613877505192837E-5
142.5 72.5 5.613877505192837E-5
142.5 77.5 5.613877505192837E-5
142.5 82.5 5.613877505192837E-5
142.5 87.5 5.613877505192837E-5
142.5 92.5 5.613877505192837E-5
142.5 97.5 5.613877505192837E-5
142.5 102.5 4.210408128894627E-5
142.5 107.5 4.210408128894627E-5
142.5 112.5 4.210408128894627E-5
142.5 117.5 1.4034693762982092E-5
142.5 122.5 1.4034693762982092E-5
142.5 172.5 1.4034693762982092E-5
142.5 177.5 2.8069387525964184E-5
147.5 2.5 5.613877505192837E-5
147.5 7.5 7.017346881491046E-5
147.5 12.5 7.017346881491046E-5
147.5 17.5 2.6665918149665975E-4
147.5 22.5 5.894571380452478E-4
147.5 27.5 8.280469320159434E-4
147.5 32.5 0.0010385673384606749
147.5 37.5 0.0011087408072755853
147.5 42.5 9.683938696457644E-4
147.5 47.5 7.438387694380508E-4
147.5 52.5 4.63144894178409E-4
147.5 57.5 1.824510189187672E-4
147.5 62.5 1.684163251557851E-4
147.5 67.5 1.684163251557851E-4
147.5 72.5 1.684163251557851E-4
147.5 77.5 1.5438163139280302E-4
147.5 82.5 9.824285634087465E-5
147.5 87.5 7.017346881491046E-5
147.5 92.5 7.017346881491046E-5
147.5 97.5 7.017346881491046E-5
147.5 102.5 5.613877505192837E-5
147.5 107.5 5.613877505192837E-5
147.5 112.5 5.613877505192837E-5
147.5 117.5 5.613877505192837E-5
147.5 122.5 4.210408128894627E-5
147.5 127.5 4.210408128894627E-5
147.5 132.5 1.4034693762982092E-5
147.5 147.5 1.4034693762982092E-5
147.5 152.5 1.4034693762982092E-5
147.5 162.5 1.4034693762982092E-5
147.5 167.5 2.8069387525964184E-5
147.5 172.5 4.210408128894627E-5
147.5 177.5 5.613877505192837E-5
152.5 2.5 1.684163251557851E-4
152.5 7.5 2.6665918149665975E-4
152.5 12.5 6.596306068601583E-4
152.5 17.5 0.0011368101948015495
152.5 22.5 0.0017262673328467973
152.5 27.5 0.0025402795710997585
152.5 32.5 0.0032560489530118453
152.5 37.5 0.0032700836467748273
152.5 42.5 0.0026525571212036156
152.5 47.5 0.0018806489642396002
152.5 52.5 0.0012911918261943524
152.5 57.5 8.841857070678718E-4
152.5 62.5 8.140122382529613E-4
152.5 67.5 8.561163195419076E-4
152.5 72.5 8.841857070678718E-4
152.5 77.5 8.561163195419076E-4
152.5 82.5 7.157693819120867E-4
152.5 87.5 5.192836692303374E-4
152.5 92.5 3.368326503115702E-4
152.5 97.5 1.824510189187672E-4
152.5 102.5 1.5438163139280302E-4
152.5 107.5 8.420816257789255E-5
152.5 112.5 7.017346881491046E-5
152.5 117.5 7.017346881491046E-5
152.5 122.5 7.017346881491046E-5
152.5 127.5 5.613877505192837E-5
152.5 132.5 5.613877505192837E-5
152.5 137.5 4.210408128894627E-5
152.5 142.5 4.210408128894627E-5
152.5 147.5 4.210408128894627E-5
152.5 152.5 5.613877505192837E-5
152.5 157.5 5.613877505192837E-5
152.5 162.5 7.017346881491046E-5
152.5 167.5 7.017346881491046E-5
152.5 172.5 9.824285634087465E-5
152.5 177.5 1.684163251557851E-4
157.5 2.5 0.0020630999831583673
157.5 7.5 0.0029472856902262395
157.5 12.5 0.003929714253634985
157.5 17.5 0.005206871386066356
157.5 22.5 0.00644192443720878
157.5 27.5 0.007957671363610846
157.5 32.5 0.009375175433672037
157.5 37.5 0.00892606523325661
157.5 42.5 0.007031381575254028
157.5 47.5 0.005291079548644249
157.5 52.5 0.003494638746982541
157.5 57.5 0.0026665918149665975
157.5 62.5 0.002428002020995902
157.5 67.5 0.0030314938528041317
157.5 72.5 0.003971818334923932
157.5 77.5 0.004434963229102341
157.5 82.5 0.0034244652781676302
157.5 87.5 0.0023858979397069556
157.5 92.5 0.0016280244765059227
157.5 97.5 0.0011368101948015495
157.5 102.5 7.71908156964015E-4
157.5 107.5 5.473530567563016E-4
157.5 112.5 3.368326503115702E-4
157.5 117.5 2.2455510020771347E-4
157.5 122.5 1.684163251557851E-4
157.5 127.5 1.5438163139280302E-4
157.5 132.5 1.2631224386683884E-4
157.5 137.5 7.017346881491046E-5
157.5 142.5 7.017346881491046E-5
157.5 147.5 7.017346881491046E-5
157.5 152.5 9.824285634087465E-5
157.5 157.5 2.1052040644473137E-4
157.5 162.5 4.63144894178409E-4
157.5 167.5 6.315612193341941E-4
157.5 172.5 0.0010385673384606749
157.5 177.5 0.0016139897827429405
162.5 2.5 0.013936450906641216
162.5 7.5 0.018497726379610398
162.5 12.5 0.019774883512041767
162.5 17.5 0.020813450850502443
162.5 22.5 0.024195812047381127
162.5 27.5 0.027395722225341042
162.5 32.5 0.02690450794363667
162.5 37.5 0.023536181440520967
162.5 42.5 0.017810026385224276
162.5 47.5 0.012799640711839668
162.5 52.5 0.00952955706506484
162.5 57.5 0.009319036658620109
162.5 62.5 0.012125975411216527
162.5 67.5 0.01623814068377028
162.5 72.5 0.021178352888339975
162.5 77.5 0.022160781451748723
162.5 82.5 0.017880199854039186
162.5 87.5 0.011789142760904958
162.5 92.5 0.007185763206646831
162.5 97.5 0.004547240779206198
162.5 102.5 0.0028209734463594005
162.5 107.5 0.0016280244765059227
162.5 112.5 0.0011227755010385673
162.5 117.5 8.561163195419076E-4
162.5 122.5 7.71908156964015E-4
162.5 127.5 7.017346881491046E-4
162.5 132.5 6.596306068601583E-4
162.5 137.5 6.315612193341941E-4
162.5 142.5 6.596306068601583E-4
162.5 147.5 9.12255094593836E-4
162.5 152.5 0.0014736428451131197
162.5 157.5 0.002133273451973278
162.5 162.5 0.0032981530343007917
162.5 167.5 0.004743726491887947
162.5 172.5 0.006469993824734744
162.5 177.5 0.009164655027227306
167.5 2.5 0.07455229326896087
167.5 7.5 0.08846067478807612
167.5 12.5 0.08622915847976197
167.5 17.5 0.07470667490035368
167.5 22.5 0.07044012799640711
167.5 27.5 0.07008926065233256
167.5 32.5 0.06218772806377365
167.5 37.5 0.05028630775276483
167.5 42.5 0.03832874866670409
167.5 47.5 0.029543030371077302
167.5 52.5 0.029486891596025376
167.5 57.5 0.039942738449447034
167.5 62.5 0.05494582608207489
167.5 67.5 0.06855947903216751
167.5 72.5 0.0778925503845506
167.5 77.5 0.07198394431033515
167.5 82.5 0.05667209341492169
167.5 87.5 0.03928310784258687
167.5 92.5 0.023129175321394486
167.5 97.5 0.013431201931173862
167.5 102.5 0.008575197889182058
167.5 107.5 0.006147195868186156
167.5 112.5 0.004448997922865323
167.5 117.5 0.003073597934093078
167.5 122.5 0.0023999326334699375
167.5 127.5 0.002624487733677651
167.5 132.5 0.002792904058833436
167.5 137.5 0.0031578060966709707
167.5 142.5 0.004350755066524449
167.5 147.5 0.005866501992926514
167.5 152.5 0.008098018301240666
167.5 157.5 0.011704934598327065
167.5 162.5 0.018680177398529164
167.5 167.5 0.030707909953404815
167.5 172.5 0.04230056700162802
167.5 177.5 0.05484758322573401
172.5 2.5 0.28159209566047266
172.5 7.5 0.2917111098635828
172.5 12.5 0.27253971818334927
172.5 17.5 0.21939033290293605
172.5 22.5 0.17565822713748386
172.5 27.5 0.14079604783023633
172.5 32.5 0.11104249705271431
172.5 37.5 0.08857295233817998
172.5 42.5 0.0710857239095043
172.5 47.5 0.06587885252343793
172.5 52.5 0.07822938303486218
172.5 57.5 0.11158985010947062
172.5 62.5 0.16490765171503957
172.5 67.5 0.20451355751417505
172.5 72.5 0.20417672486386346
172.5 77.5 0.1709987088081738
172.5 82.5 0.12889462751922753
172.5 87.5 0.08729579520574861
172.5 92.5 0.05288272609891652
172.5 97.5 0.03517094257003312
172.5 102.5 0.02736765283781508
172.5 107.5 0.022834446752371864
172.5 112.5 0.01744512434738674
172.5 117.5 0.013066299893336327
172.5 122.5 0.010904957053837086
172.5 127.5 0.012196148880031437
172.5 132.5 0.015199573345309605
172.5 137.5 0.01952225902430809
172.5 142.5 0.02576769774883512
172.5 147.5 0.032925391567955986
172.5 152.5 0.04954246898332678
172.5 157.5 0.06955594228933924
172.5 162.5 0.10607421546061865
172.5 167.5 0.15854993544040868
172.5 172.5 0.20583281872789536
172.5 177.5 0.2519648571268175
177.5 2.5 0.5582439791163757
177.5 7.5 0.5046314489417841
177.5 12.5 0.44925054735305675
177.5 17.5 0.38311907034188514
177.5 22.5 0.300174030202661
177.5 27.5 0.22513052265199573
177.5 32.5 0.18326503115702014
177.5 37.5 0.15484477628698143
177.5 42.5 0.13558917644416998
177.5 47.5 0.14095042946162914
177.5 52.5 0.17488631898051984
177.5 57.5 0.23499691236737213
177.5 62.5 0.31607533823611966
177.5 67.5 0.3648178296749565
177.5 72.5 0.3342783360467075
177.5 77.5 0.2728765508336608
177.5 82.5 0.22073766350418234
177.5 87.5 0.16601639252231518
177.5 92.5 0.10897939706955594
177.5 97.5 0.0834643238084545
177.5 102.5 0.06914893617021277
177.5 107.5 0.059549205636333015
177.5 112.5 0.05074945264694324
177.5 117.5 0.04214618537023522
177.5 122.5 0.041290069050693316
177.5 127.5 0.04638466288665581
177.5 132.5 0.05536686689496435
177.5 137.5 0.0707629259529557
177.5 142.5 0.09509908493796665
177.5 147.5 0.1370768539830461
177.5 152.5 0.20026104530399147
177.5 157.5 0.27983775894009993
177.5 162.5 0.3931959804637063
177.5 167.5 0.4819092797395161
177.5 172.5 0.5568405097400775
177.5 177.5 0.5804187952618873
182.5 2.5 0.6231123336888789
182.5 7.5 0.5374445629596363
182.5 12.5 0.45378375343849997
182.5 17.5 0.4227811149160725
182.5 22.5 0.3710632683994835
182.5 27.5 0.3041598832313479
182.5 32.5 0.26345927131869984
182.5 37.5 0.23451973277943075
182.5 42.5 0.21423960029192163
182.5 47.5 0.2240498512322461
182.5 52.5 0.27331162634031325
182.5 57.5 0.3340678156402627
182.5 62.5 0.4009712008083984
182.5 67.5 0.42793184752708696
182.5 72.5 0.36790546230281257
182.5 77.5 0.3071633076966261
182.5 82.5 0.27102397125694716
182.5 87.5 0.21519395946780442
182.5 92.5 0.1709987088081738
182.5 97.5 0.146550272273059
182.5 102.5 0.12433335204625835
182.5 107.5 0.10847414809408859
182.5 112.5 0.09754112165272553
182.5 117.5 0.08688878908662213
182.5 122.5 0.08843260540055016
182.5 127.5 0.0999270195924325
182.5 132.5 0.1295542581260877
182.5 137.5 0.17349688429798463
182.5 142.5 0.23314433279065852
182.5 147.5 0.3380957727502386
182.5 152.5 0.45451355751417505
182.5 157.5 0.5512827710099366
182.5 162.5 0.6263964520294167
182.5 167.5 0.6823808454499523
182.5 172.5 0.6967243024757199
182.5 177.5 0.6743530006175266
187.5 2.5 0.5080418795261887
187.5 7.5 0.4583169595239432
187.5 12.5 0.41768652108011
187.5 17.5 0.4088586987031943
187.5 22.5 0.4162128782349969
187.5 27.5 0.38042440913939257
187.5 32.5 0.3437938584180093
187.5 37.5 0.30960534441138493
187.5 42.5 0.2700696120810644
187.5 47.5 0.264090832538034
187.5 52.5 0.30872115870431704
187.5 57.5 0.34950597877954304
187.5 62.5 0.376957839779936
187.5 67.5 0.3696457643294223
187.5 72.5 0.30685454443384047
187.5 77.5 0.26432942233200474
187.5 82.5 0.23940380620894852
187.5 87.5 0.1983523269522259
187.5 92.5 0.16991803738842418
187.5 97.5 0.16172177623084263
187.5 102.5 0.15278167630382306
187.5 107.5 0.14283107842586876
187.5 112.5 0.13570145399427386
187.5 117.5 0.1272104642676697
187.5 122.5 0.12918935608825016
187.5 127.5 0.14861337225621737
187.5 132.5 0.1934121147476562
187.5 137.5 0.25341043058440466
187.5 142.5 0.33521866052882726
187.5 147.5 0.44220513108403975
187.5 152.5 0.5456969628922697
187.5 157.5 0.6147757255936676
187.5 162.5 0.6531325436478976
187.5 167.5 0.6613007354179532
187.5 172.5 0.6275332622242182
187.5 177.5 0.5751277157132432
192.5 2.5 0.36431258069948913
192.5 7.5 0.3810840397462527
192.5 12.5 0.39030483354853196
192.5 17.5 0.4120445741873912
192.5 22.5 0.4227249761410206
192.5 27.5 0.391834615168697
192.5 32.5 0.34213776455397743
192.5 37.5 0.30835625666647953
192.5 42.5 0.2654662325268063
192.5 47.5 0.24163532251726266
192.5 52.5 0.2666170774153708
192.5 57.5 0.2775079997754449
192.5 62.5 0.2552489754673553
192.5 67.5 0.22169202268006513
192.5 72.5 0.1880087576489081
192.5 77.5 0.17415651490484477
192.5 82.5 0.16145511704934598
192.5 87.5 0.13108403974625274
192.5 92.5 0.1141862684556223
192.5 97.5 0.11892999494751025
192.5 102.5 0.12318250715769381
192.5 107.5 0.12339302756413854
192.5 112.5 0.12360354797058329
192.5 117.5 0.12132992758098018
192.5 122.5 0.12166676023129175
192.5 127.5 0.13657160500757873
192.5 132.5 0.17669679447594452
192.5 137.5 0.22913041037444562
192.5 142.5 0.2843148262504912
192.5 147.5 0.348734070622579
192.5 152.5 0.42918093527199236
192.5 157.5 0.4641834615168697
192.5 162.5 0.47527086958962556
192.5 167.5 0.4523101105933868
192.5 172.5 0.4028799191601639
192.5 177.5 0.36953348677931847
197.5 2.5 0.30905799135462864
197.5 7.5 0.32908549935440407
197.5 12.5 0.33133105035648125
197.5 17.5 0.33453096053444115
197.5 22.5 0.3210716892157413
197.5 27.5 0.28851119968562283
197.5 32.5 0.24604221635883905
197.5 37.5 0.22164991859877617
197.5 42.5 0.20216976365575703
197.5 47.5 0.18233874136866335
197.5 52.5 0.18341941278841295
197.5 57.5 0.16743389659237634
197.5 62.5 0.1264946948857576
197.5 67.5 0.0960815135013754
197.5 72.5 0.08295907483298715
197.5 77.5 0.08022230954920563
197.5 82.5 0.07596979733902207
197.5 87.5 0.06860158311345646
197.5 92.5 0.0648122157974513
197.5 97.5 0.07111379329703026
197.5 102.5 0.07683994835232695
197.5 107.5 0.08069948913714703
197.5 112.5 0.08453096053444113
197.5 117.5 0.08323976870824679
197.5 122.5 0.08106439117498457
197.5 127.5 0.08382922584629203
197.5 132.5 0.10060068489305564
197.5 137.5 0.12980688261382137
197.5 142.5 0.15029753550777522
197.5 147.5 0.17200920675910852
197.5 152.5 0.19635940043788244
197.5 157.5 0.2138606635603211
197.5 162.5 0.2321338348397238
197.5 167.5 0.22942513894346825
197.5 172.5 0.23407062257901531
197.5 177.5 0.26292595295570653
202.5 2.5 0.24680008982204008
202.5 7.5 0.22138325941727952
202.5 12.5 0.19605063717509683
202.5 17.5 0.1862965250098243
202.5 22.5 0.1701285577948689
202.5 27.5 0.15606579464436085
202.5 32.5 0.13759613765227643
202.5 37.5 0.12646662549823162
202.5 42.5 0.1138775051928367
202.5 47.5 0.09915511143546848
202.5 52.5 0.09084657272778308
202.5 57.5 0.07293830348621794
202.5 62.5 0.047998652669398754
202.5 67.5 0.03549374052658171
202.5 72.5 0.03313591197440072
202.5 77.5 0.032195587492280915
202.5 82.5 0.032111379329703024
202.5 87.5 0.031185089541346207
202.5 92.5 0.030623701790826924
202.5 97.5 0.03490428338853646
202.5 102.5 0.04110761803177455
202.5 107.5 0.04708639757480492
202.5 112.5 0.05058103632178746
202.5 117.5 0.04910739347667434
202.5 122.5 0.044784707797675856
202.5 127.5 0.043830348621793074
202.5 132.5 0.048153034300791556
202.5 137.5 0.05675630157749958
202.5 142.5 0.06628585864256442
202.5 147.5 0.07567506876999944
202.5 152.5 0.09573064615730084
202.5 157.5 0.12896480098804244
202.5 162.5 0.15942008645371358
202.5 167.5 0.1782827148711615
202.5 172.5 0.20858361870543984
202.5 177.5 0.24047044293493516
207.5 2.5 0.1370487845955201
207.5 7.5 0.1024392297760063
207.5 12.5 0.08802559928142369
207.5 17.5 0.07914163812945602
207.5 22.5 0.07156290349744568
207.5 27.5 0.06632796272385337
207.5 32.5 0.06260876887666311
207.5 37.5 0.059759726042777746
207.5 42.5 0.05421602200639982
207.5 47.5 0.04703025879975299
207.5 52.5 0.03855330376691181
207.5 57.5 0.02736765283781508
207.5 62.5 0.01752933250996463
207.5 67.5 0.012448773367765115
207.5 72.5 0.011115477460281816
207.5 77.5 0.011031269297703924
207.5 82.5 0.011283893785437602
207.5 87.5 0.011059338685229889
207.5 92.5 0.011789142760904958
207.5 97.5 0.014904844776286981
207.5 102.5 0.019816987593330712
207.5 107.5 0.025922079380227923
207.5 112.5 0.029037781395609946
207.5 117.5 0.027606242631785776
207.5 122.5 0.02496772020434514
207.5 127.5 0.024504575310166733
207.5 132.5 0.025683489586257227
207.5 137.5 0.032307865042384774
207.5 142.5 0.043184752708695893
207.5 147.5 0.056377364845899065
207.5 152.5 0.08100825239993263
207.5 157.5 0.11633357660135855
207.5 162.5 0.14589064166619883
207.5 167.5 0.1546342558805367
207.5 172.5 0.16464099253354292
207.5 177.5 0.16650760680401955
212.5 2.5 0.04889687307022961
212.5 7.5 0.03890417111098636
212.5 12.5 0.03832874866670409
212.5 17.5 0.036069162970863974
212.5 22.5 0.032813114017852134
212.5 27.5 0.029543030371077302
212.5 32.5 0.02676416100600685
212.5 37.5 0.023718632459439736
212.5 42.5 0.02067310391287262
212.5 47.5 0.01750126312243867
212.5 52.5 0.013332959074832987
212.5 57.5 0.009094481558412396
212.5 62.5 0.006876999943861225
212.5 67.5 0.005473530567563016
212.5 72.5 0.004505136697917252
212.5 77.5 0.003985853028686914
212.5 82.5 0.003649020378375344
212.5 87.5 0.0035367428282714873
212.5 92.5 0.004617414248021108
212.5 97.5 0.0066945489249424575
212.5 102.5 0.009445348902486947
212.5 107.5 0.013178577443440184
212.5 112.5 0.015592544770673103
212.5 117.5 0.016210071296244317
212.5 122.5 0.016603042721607814
212.5 127.5 0.017950373322854096
212.5 132.5 0.020434514118901924
212.5 137.5 0.02543086509852355
212.5 142.5 0.03515690787627014
212.5 147.5 0.04907932408914838
212.5 152.5 0.0693594565766575
212.5 157.5 0.08923258294504013
212.5 162.5 0.0972604277774659
212.5 167.5 0.09087464211530905
212.5 172.5 0.08082580138101386
212.5 177.5 0.06638410149890529
217.5 2.5 0.015592544770673103
217.5 7.5 0.01435749171953068
217.5 12.5 0.015592544770673103
217.5 17.5 0.0154381631392803
217.5 22.5 0.014076797844271039
217.5 27.5 0.01235053051142424
217.5 32.5 0.009585695840116768
217.5 37.5 0.007213832594172795
217.5 42.5 0.006343681580867905
217.5 47.5 0.005473530567563016
217.5 52.5 0.004140234660079717
217.5 57.5 0.0034104305844046483
217.5 62.5 0.0028771122214113288
217.5 67.5 0.0022595856958401166
217.5 72.5 0.0016560938640318868
217.5 77.5 0.001361365295009263
217.5 82.5 0.00120698366361646
217.5 87.5 0.001249087744905406
217.5 92.5 0.0016560938640318868
217.5 97.5 0.0028771122214113288
217.5 102.5 0.004350755066524449
217.5 107.5 0.006020883624319317
217.5 112.5 0.007466457081906473
217.5 117.5 0.008968169314545556
217.5 122.5 0.010483916240947622
217.5 127.5 0.01268736316173581
217.5 132.5 0.01550833660809521
217.5 137.5 0.019157356986470555
217.5 142.5 0.025136136529500926
217.5 147.5 0.033107842586874756
217.5 152.5 0.04176724863863471
217.5 157.5 0.04648290574299669
217.5 162.5 0.04340930780890361
217.5 167.5 0.03583057317689328
217.5 172.5 0.027283444675237186
217.5 177.5 0.02078538146297648
222.5 2.5 0.00670858361870544
222.5 7.5 0.0066945489249424575
222.5 12.5 0.006891034637624207
222.5 17.5 0.006834895862572279
222.5 22.5 0.006203334643238085
222.5 27.5 0.005108628529725481
222.5 32.5 0.0036770897659013082
222.5 37.5 0.002778869365070454
222.5 42.5 0.002133273451973278
222.5 47.5 0.001824510189187672
222.5 52.5 0.001529781620165048
222.5 57.5 0.0013473306012462807
222.5 62.5 0.0011508448885645315
222.5 67.5 9.824285634087463E-4
222.5 72.5 8.280469320159434E-4
222.5 77.5 6.455959130971762E-4
222.5 82.5 5.192836692303374E-4
222.5 87.5 5.192836692303374E-4
222.5 92.5 6.596306068601583E-4
222.5 97.5 9.824285634087463E-4
222.5 102.5 0.0015017122326390839
222.5 107.5 0.0022315163083141526
222.5 112.5 0.003199910177959917
222.5 117.5 0.004350755066524449
222.5 122.5 0.005557738730140908
222.5 127.5 0.0071015550440689384
222.5 132.5 0.008701510133048897
222.5 137.5 0.010694436647392353
222.5 142.5 0.013318924381070005
222.5 147.5 0.015396059057991355
222.5 152.5 0.016266210071296243
222.5 157.5 0.01496098355133891
222.5 162.5 0.012252287655083367
222.5 167.5 0.009908493796665356
222.5 172.5 0.00825239993263347
222.5 177.5 0.007241901981698759
227.5 2.5 0.003929714253634985
227.5 7.5 0.003929714253634985
227.5 12.5 0.0038735754785830575
227.5 17.5 0.0036209509908493795
227.5 22.5 0.0031578060966709707
227.5 27.5 0.002428002020995902
227.5 32.5 0.0017683714141357436
227.5 37.5 0.0013052265199573346
227.5 42.5 9.12255094593836E-4
227.5 47.5 8.140122382529613E-4
227.5 52.5 7.438387694380508E-4
227.5 57.5 6.596306068601583E-4
227.5 62.5 6.315612193341941E-4
227.5 67.5 5.473530567563016E-4
227.5 72.5 4.63144894178409E-4
227.5 77.5 3.368326503115702E-4
227.5 82.5 1.964857126817493E-4
227.5 87.5 1.684163251557851E-4
227.5 92.5 2.1052040644473137E-4
227.5 97.5 3.368326503115702E-4
227.5 102.5 5.192836692303374E-4
227.5 107.5 7.578734632010329E-4
227.5 112.5 0.0011087408072755853
227.5 117.5 0.00154381631392803
227.5 122.5 0.0022595856958401166
227.5 127.5 0.003073597934093078
227.5 132.5 0.003929714253634985
227.5 137.5 0.0049682815920956604
227.5 142.5 0.005557738730140908
227.5 147.5 0.005852467299163533
227.5 152.5 0.0052209060798293384
227.5 157.5 0.004505136697917252
227.5 162.5 0.004350755066524449
227.5 167.5 0.004505136697917252
227.5 172.5 0.004463032616628305
227.5 177.5 0.004112165272553753
232.5 2.5 0.0025402795710997585
232.5 7.5 0.0025402795710997585
232.5 12.5 0.002428002020995902
232.5 17.5 0.0022595856958401166
232.5 22.5 0.0018946836580025824
232.5 27.5 0.0014736428451131197
232.5 32.5 0.0010526020322236568
232.5 37.5 7.71908156964015E-4
232.5 42.5 5.473530567563016E-4
232.5 47.5 4.771795879413911E-4
232.5 52.5 4.63144894178409E-4
232.5 57.5 4.63144894178409E-4
232.5 62.5 4.3507550665244487E-4
232.5 67.5 3.368326503115702E-4
232.5 72.5 2.6665918149665975E-4
232.5 77.5 1.684163251557851E-4
232.5 82.5 1.684163251557851E-4
232.5 87.5 1.403469376298209E-4
232.5 92.5 1.2631224386683884E-4
232.5 97.5 1.403469376298209E-4
232.5 102.5 1.5438163139280302E-4
232.5 107.5 1.684163251557851E-4
232.5 112.5 3.368326503115702E-4
232.5 117.5 6.455959130971762E-4
232.5 122.5 8.701510133048897E-4
232.5 127.5 0.0011368101948015495
232.5 132.5 0.0015017122326390839
232.5 137.5 0.0019087183517655644
232.5 142.5 0.002301689777129063
232.5 147.5 0.0023999326334699375
232.5 152.5 0.0021894122270252063
232.5 157.5 0.001992926514343457
232.5 162.5 0.0022595856958401166
232.5 167.5 0.0025262448773367766
232.5 172.5 0.002624487733677651
232.5 177.5 0.002568348958625723
237.5 2.5 0.002133273451973278
237.5 7.5 0.0020911693706843317
237.5 12.5 0.0019508224330545107
237.5 17.5 0.001824510189187672
237.5 22.5 0.0014736428451131197
237.5 27.5 0.0011087408072755853
237.5 32.5 8.280469320159434E-4
237.5 37.5 6.0349183180823E-4
237.5 42.5 4.63144894178409E-4
237.5 47.5 3.649020378375344E-4
237.5 52.5 3.368326503115702E-4
237.5 57.5 3.227979565485881E-4
237.5 62.5 2.6665918149665975E-4
237.5 67.5 2.1052040644473137E-4
237.5 72.5 1.684163251557851E-4
237.5 77.5 1.5438163139280302E-4
237.5 82.5 1.403469376298209E-4
237.5 87.5 7.017346881491046E-5
237.5 92.5 7.017346881491046E-5
237.5 97.5 7.017346881491046E-5
237.5 102.5 7.017346881491046E-5
237.5 107.5 1.2631224386683884E-4
237.5 112.5 1.684163251557851E-4
237.5 117.5 2.6665918149665975E-4
237.5 122.5 4.63144894178409E-4
237.5 127.5 6.455959130971762E-4
237.5 132.5 7.999775444899793E-4
237.5 137.5 9.543591758827822E-4
237.5 142.5 0.0011648795823275136
237.5 147.5 0.0013052265199573346
237.5 152.5 0.0013332959074832988
237.5 157.5 0.0014455734575871554
237.5 162.5 0.0015578510076910122
237.5 167.5 0.0018385448829506541
237.5 172.5 0.0019508224330545107
237.5 177.5 0.0020911693706843317
242.5 2.5 0.0023157244708920453
242.5 7.5 0.002301689777129063
242.5 12.5 0.002161342839499242
242.5 17.5 0.0019087183517655644
242.5 22.5 0.001529781620165048
242.5 27.5 0.0011648795823275136
242.5 32.5 8.701510133048897E-4
242.5 37.5 6.736653006231404E-4
242.5 42.5 5.192836692303374E-4
242.5 47.5 4.2104081288946274E-4
242.5 52.5 3.368326503115702E-4
242.5 57.5 2.6665918149665975E-4
242.5 62.5 2.1052040644473137E-4
242.5 67.5 1.684163251557851E-4
242.5 72.5 1.684163251557851E-4
242.5 77.5 1.403469376298209E-4
242.5 82.5 8.420816257789255E-5
242.5 87.5 7.017346881491046E-5
242.5 92.5 7.017346881491046E-5
242.5 97.5 7.017346881491046E-5
242.5 102.5 8.420816257789255E-5
242.5 107.5 1.5438163139280302E-4
242.5 112.5 1.684163251557851E-4
242.5 117.5 2.6665918149665975E-4
242.5 122.5 4.0700611912648067E-4
242.5 127.5 5.473530567563016E-4
242.5 132.5 6.596306068601583E-4
242.5 137.5 8.280469320159434E-4
242.5 142.5 9.543591758827822E-4
242.5 147.5 0.0011087408072755853
242.5 152.5 0.0013332959074832988
242.5 157.5 0.0015017122326390839
242.5 162.5 0.001684163251557851
242.5 167.5 0.0019087183517655644
242.5 172.5 0.002161342839499242
242.5 177.5 0.002301689777129063
247.5 2.5 0.0031437714029079887
247.5 7.5 0.0032560489530118453
247.5 12.5 0.0031858754841969346
247.5 17.5 0.0028771122214113288
247.5 22.5 0.0022595856958401166
247.5 27.5 0.0017122326390838151
247.5 32.5 0.0013332959074832988
247.5 37.5 9.964632571717285E-4
247.5 42.5 7.71908156964015E-4
247.5 47.5 5.754224442822657E-4
247.5 52.5 4.3507550665244487E-4
247.5 57.5 2.806938752596418E-4
247.5 62.5 1.824510189187672E-4
247.5 67.5 1.684163251557851E-4
247.5 72.5 1.684163251557851E-4
247.5 77.5 1.5438163139280302E-4
247.5 82.5 9.824285634087465E-5
247.5 87.5 7.017346881491046E-5
247.5 92.5 7.017346881491046E-5
247.5 97.5 1.403469376298209E-4
247.5 102.5 1.684163251557851E-4
247.5 107.5 2.1052040644473137E-4
247.5 112.5 3.368326503115702E-4
247.5 117.5 4.63144894178409E-4
247.5 122.5 6.0349183180823E-4
247.5 127.5 7.578734632010329E-4
247.5 132.5 8.701510133048897E-4
247.5 137.5 0.0010385673384606749
247.5 142.5 0.0013052265199573346
247.5 147.5 0.001529781620165048
247.5 152.5 0.0019087183517655644
247.5 157.5 0.002301689777129063
247.5 162.5 0.0025402795710997585
247.5 167.5 0.0028350081401223824
247.5 172.5 0.0029472856902262395
247.5 177.5 0.0030034244652781678
252.5 2.5 0.005319148936170213
252.5 7.5 0.005515634648851962
252.5 12.5 0.00550159995508898
252.5 17.5 0.0049682815920956604
252.5 22.5 0.003929714253634985
252.5 27.5 0.0029613203839892214
252.5 32.5 0.0022595856958401166
252.5 37.5 0.0016139897827429405
252.5 42.5 0.0011227755010385673
252.5 47.5 8.140122382529613E-4
252.5 52.5 5.473530567563016E-4
252.5 57.5 3.649020378375344E-4
252.5 62.5 2.1052040644473137E-4
252.5 67.5 1.824510189187672E-4
252.5 72.5 1.684163251557851E-4
252.5 77.5 1.684163251557851E-4
252.5 82.5 1.5438163139280302E-4
252.5 87.5 1.5438163139280302E-4
252.5 92.5 1.684163251557851E-4
252.5 97.5 2.6665918149665975E-4
252.5 102.5 4.0700611912648067E-4
252.5 107.5 5.473530567563016E-4
252.5 112.5 7.157693819120867E-4
252.5 117.5 8.561163195419076E-4
252.5 122.5 0.0010526020322236568
252.5 127.5 0.0013192612137203166
252.5 132.5 0.0014876775388761017
252.5 137.5 0.0017122326390838151
252.5 142.5 0.0022034469207881883
252.5 147.5 0.002905181608937293
252.5 152.5 0.003508673440745523
252.5 157.5 0.004098130578790771
252.5 162.5 0.004420928535339359
252.5 167.5 0.004491102004154269
252.5 172.5 0.004575310166732162
252.5 177.5 0.0049682815920956604
257.5 2.5 0.009697973390220625
257.5 7.5 0.009712008083983608
257.5 12.5 0.00919272441475327
257.5 17.5 0.008126087688766631
257.5 22.5 0.006582271374838601
257.5 27.5 0.005052489754673553
257.5 32.5 0.003775332622242183
257.5 37.5 0.002778869365070454
257.5 42.5 0.0017543367203727614
257.5 47.5 0.0011087408072755853
257.5 52.5 7.578734632010329E-4
257.5 57.5 4.771795879413911E-4
257.5 62.5 3.0876326278560603E-4
257.5 67.5 2.6665918149665975E-4
257.5 72.5 2.6665918149665975E-4
257.5 77.5 2.6665918149665975E-4
257.5 82.5 2.806938752596418E-4
257.5 87.5 3.368326503115702E-4
257.5 92.5 4.63144894178409E-4
257.5 97.5 6.175265255712121E-4
257.5 102.5 8.280469320159434E-4
257.5 107.5 0.0011087408072755853
257.5 112.5 0.0015017122326390839
257.5 117.5 0.0018946836580025824
257.5 122.5 0.0023437938584180092
257.5 127.5 0.0028771122214113288
257.5 132.5 0.0032560489530118453
257.5 137.5 0.003859540784820075
257.5 142.5 0.0046875877168360185
257.5 147.5 0.005950710155504407
257.5 152.5 0.00677875708752035
257.5 157.5 0.007298040756750688
257.5 162.5 0.007550665244484366
257.5 167.5 0.00785942850726997
257.5 172.5 0.008547128501656094
257.5 177.5 0.009319036658620109
262.5 2.5 0.022974793690001685
262.5 7.5 0.021164318194576995
262.5 12.5 0.018806489642396004
262.5 17.5 0.015592544770673103
262.5 22.5 0.01141020602930444
262.5 27.5 0.007817324425981025
262.5 32.5 0.005712120361533711
262.5 37.5 0.004112165272553753
262.5 42.5 0.00275079997754449
262.5 47.5 0.0015578510076910122
262.5 52.5 9.824285634087463E-4
262.5 57.5 6.596306068601583E-4
262.5 62.5 4.771795879413911E-4
262.5 67.5 4.63144894178409E-4
262.5 72.5 5.192836692303374E-4
262.5 77.5 6.175265255712121E-4
262.5 82.5 6.876999943861225E-4
262.5 87.5 8.140122382529613E-4
262.5 92.5 9.824285634087463E-4
262.5 97.5 0.0013332959074832988
262.5 102.5 0.0017122326390838151
262.5 107.5 0.002428002020995902
262.5 112.5 0.003508673440745523
262.5 117.5 0.004617414248021108
262.5 122.5 0.005641946892718801
262.5 127.5 0.0066945489249424575
262.5 132.5 0.00771908156964015
262.5 137.5 0.009094481558412396
262.5 142.5 0.011115477460281816
262.5 147.5 0.01334699376859597
262.5 152.5 0.01571885701453994
262.5 157.5 0.01764161006006849
262.5 162.5 0.018624038623477234
262.5 167.5 0.021290630438443835
262.5 172.5 0.023101105933868524
262.5 177.5 0.023129175321394486
267.5 2.5 0.06506484028518497
267.5 7.5 0.05400550159995509
267.5 12.5 0.04575310166732162
267.5 17.5 0.03689720990287992
267.5 22.5 0.0252343793858418
267.5 27.5 0.014441699882108573
267.5 32.5 0.008687475439285915
267.5 37.5 0.006077022399371246
267.5 42.5 0.0038735754785830575
267.5 47.5 0.0023858979397069556
267.5 52.5 0.0014596081513501375
267.5 57.5 9.824285634087463E-4
267.5 62.5 8.280469320159434E-4
267.5 67.5 8.140122382529613E-4
267.5 72.5 8.841857070678718E-4
267.5 77.5 0.0011087408072755853
267.5 82.5 0.0013332959074832988
267.5 87.5 0.001824510189187672
267.5 92.5 0.0026665918149665975
267.5 97.5 0.003508673440745523
267.5 102.5 0.004519171391680233
267.5 107.5 0.00617526525571212
267.5 112.5 0.00825239993263347
267.5 117.5 0.010904957053837086
267.5 122.5 0.013361028462358952
267.5 127.5 0.01564868354572503
267.5 132.5 0.018946836580025824
267.5 137.5 0.024167742659855163
267.5 142.5 0.027943075282097343
267.5 147.5 0.03178858137315444
267.5 152.5 0.03823050581036322
267.5 157.5 0.04513557514175041
267.5 162.5 0.05467916690057823
267.5 167.5 0.06450345253466569
267.5 172.5 0.06561219334194128
267.5 177.5 0.06801212597541122
272.5 2.5 0.19675237186324596
272.5 7.5 0.13923819682254535
272.5 12.5 0.09752708695896256
272.5 17.5 0.07305058103632178
272.5 22.5 0.04719867512490877
272.5 27.5 0.02603435693033178
272.5 32.5 0.014413630494582608
272.5 37.5 0.008968169314545556
272.5 42.5 0.005684050974007747
272.5 47.5 0.003522708134508505
272.5 52.5 0.002301689777129063
272.5 57.5 0.0016139897827429405
272.5 62.5 0.0014175040700611912
272.5 67.5 0.0014596081513501375
272.5 72.5 0.0017122326390838151
272.5 77.5 0.002133273451973278
272.5 82.5 0.0028771122214113288
272.5 87.5 0.004196373435131646
272.5 92.5 0.006413855049682816
272.5 97.5 0.00865940605175995
272.5 102.5 0.011789142760904958
272.5 107.5 0.016392522315163083
272.5 112.5 0.021641497782518386
272.5 117.5 0.02690450794363667
272.5 122.5 0.030006175265255713
272.5 127.5 0.033163981361926685
272.5 132.5 0.03940942008645371
272.5 137.5 0.04933194857688205
272.5 142.5 0.059998315836748445
272.5 147.5 0.0722646381855948
272.5 152.5 0.08942906865772189
272.5 157.5 0.12823499691236737
272.5 162.5 0.18043002301689778
272.5 167.5 0.21251333295907485
272.5 172.5 0.22877954303037107
272.5 177.5 0.22169202268006513
277.5 2.5 0.4370122943917364
277.5 7.5 0.2793044405771066
277.5 12.5 0.17936338629091114
277.5 17.5 0.11311963172963566
277.5 22.5 0.06607533823611969
277.5 27.5 0.03717790377813956
277.5 32.5 0.02105204064447314
277.5 37.5 0.013361028462358952
277.5 42.5 0.008406781564026272
277.5 47.5 0.005515634648851962
277.5 52.5 0.003859540784820075
277.5 57.5 0.0029613203839892214
277.5 62.5 0.002722730590018526
277.5 67.5 0.0029472856902262395
277.5 72.5 0.0035788469095604336
277.5 77.5 0.004673553023073037
277.5 82.5 0.0062875428058159774
277.5 87.5 0.008982204008308538
277.5 92.5 0.014483803963397518
277.5 97.5 0.022034469207881883
277.5 102.5 0.03201313647336215
277.5 107.5 0.04171110986358278
277.5 112.5 0.05132487509122551
277.5 117.5 0.05727558524672992
277.5 122.5 0.06280525458934486
277.5 127.5 0.07198394431033515
277.5 132.5 0.08304328299556504
277.5 137.5 0.10169539100656824
277.5 142.5 0.13822769887161063
277.5 147.5 0.1881631392803009
277.5 152.5 0.2534525346656936
277.5 157.5 0.37556840509740075
277.5 162.5 0.47651995733453095
277.5 167.5 0.5780328973221804
277.5 172.5 0.6122073766350419
277.5 177.5 0.5614158199068097
282.5 2.5 0.6178072194464717
282.5 7.5 0.4187391231123337
282.5 12.5 0.23075843485095154
282.5 17.5 0.12980688261382137
282.5 22.5 0.06903665862010891
282.5 27.5 0.03971818334923932
282.5 32.5 0.024799303879189355
282.5 37.5 0.016603042721607814
282.5 42.5 0.011325997866726547
282.5 47.5 0.0077611856509290965
282.5 52.5 0.005978779543030371
282.5 57.5 0.005178801998540392
282.5 62.5 0.0049682815920956604
282.5 67.5 0.00550159995508898
282.5 72.5 0.006891034637624207
282.5 77.5 0.009782181552798518
282.5 82.5 0.014245214169426822
282.5 87.5 0.020967832481895245
282.5 92.5 0.03105877729747937
282.5 97.5 0.04519171391680234
282.5 102.5 0.06333857295233818
282.5 107.5 0.08631336664233986
282.5 112.5 0.10671981137371582
282.5 117.5 0.12027732554875653
282.5 122.5 0.14228372536911243
282.5 127.5 0.16631112109133778
282.5 132.5 0.19351035760399707
282.5 137.5 0.24463874698254084
282.5 142.5 0.32589962387020716
282.5 147.5 0.4442822657609611
282.5 152.5 0.5638578566215685
282.5 157.5 0.6975804187952619
282.5 162.5 0.7847358670633807
282.5 167.5 0.849520013473306
282.5 172.5 0.8549514399595801
282.5 177.5 0.7729607589962387
287.5 2.5 0.632473474428788
287.5 7.5 0.38908381519115254
287.5 12.5 0.1961629147252007
287.5 17.5 0.09773760736540729
287.5 22.5 0.052826587323864596
287.5 27.5 0.03375343849997193
287.5 32.5 0.023241452871498345
287.5 37.5 0.017290742715993936
287.5 42.5 0.013445236624936845
287.5 47.5 0.010189187671924999
287.5 52.5 0.008350642788974344
287.5 57.5 0.007424353000617527
287.5 62.5 0.00764890810082524
287.5 67.5 0.009024308089597486
287.5 72.5 0.013332959074832987
287.5 77.5 0.02065906921910964
287.5 82.5 0.029543030371077302
287.5 87.5 0.04105147925672262
287.5 92.5 0.056377364845899065
287.5 97.5 0.08036265648683545
287.5 102.5 0.12166676023129175
287.5 107.5 0.17334250266659182
287.5 112.5 0.21046426766967946
287.5 117.5 0.23983888171560097
287.5 122.5 0.28809015887273337
287.5 127.5 0.3443131420872397
287.5 132.5 0.4269774883512042
287.5 137.5 0.514146971313086
287.5 142.5 0.6091057093134228
287.5 147.5 0.699082131027901
287.5 152.5 0.779767585471285
287.5 157.5 0.8757087520350306
287.5 162.5 0.9777971144669624
287.5 167.5 1.0
287.5 172.5 0.9371947454106552
287.5 177.5 0.7991214281704373
292.5 2.5 0.43993151069443664
292.5 7.5 0.21210632683994834
292.5 12.5 0.09752708695896256
292.5 17.5 0.05286869140515354
292.5 22.5 0.032392073204962665
292.5 27.5 0.02314321001515747
292.5 32.5 0.017950373322854096
292.5 37.5 0.015396059057991355
292.5 42.5 0.01382417335653736
292.5 47.5 0.012322461123898277
292.5 52.5 0.011494414191882333
292.5 57.5 0.011690899904564083
292.5 62.5 0.013318924381070005
292.5 67.5 0.016280244765059227
292.5 72.5 0.023241452871498345
292.5 77.5 0.0346376242070398
292.5 82.5 0.048195138382080505
292.5 87.5 0.06742266883736597
292.5 92.5 0.09606747880761242
292.5 97.5 0.14597484982877673
292.5 102.5 0.2197412002470106
292.5 107.5 0.29547240779206196
292.5 112.5 0.3752315724470892
292.5 117.5 0.4436928086229158
292.5 122.5 0.4996772020434514
292.5 127.5 0.567380564756077
292.5 132.5 0.6384522539718184
292.5 137.5 0.7069836636164599
292.5 142.5 0.752385897939707
292.5 147.5 0.8073036546342559
292.5 152.5 0.851049795093471
292.5 157.5 0.9150901027339583
292.5 162.5 0.9568152472913041
292.5 167.5 0.9300370515915343
292.5 172.5 0.8137455790714646
292.5 177.5 0.6593358782911357
297.5 2.5 0.152823780385112
297.5 7.5 0.07087520350305956
297.5 12.5 0.0355779486891596
297.5 17.5 0.022694099814742043
297.5 22.5 0.01616796721495537
297.5 27.5 0.013318924381070005
297.5 32.5 0.011887385617245831
297.5 37.5 0.011733003985853028
297.5 42.5 0.012111940717453544
297.5 47.5 0.013108403974625274
297.5 52.5 0.014441699882108573
297.5 57.5 0.017010048840734295
297.5 62.5 0.020687138606635604
297.5 67.5 0.02569752428002021
297.5 72.5 0.03394992421265368
297.5 77.5 0.04621624656150003
297.5 82.5 0.06078425868747544
297.5 87.5 0.0837029136024252
297.5 92.5 0.12079660921798686
297.5 97.5 0.18925784539381352
297.5 102.5 0.28404816706899455
297.5 107.5 0.3713158928872172
297.5 112.5 0.4703166226912929
297.5 117.5 0.5607421546061865
297.5 122.5 0.622256217369337
297.5 127.5 0.6783809577275024
297.5 132.5 0.7207095941166564
297.5 137.5 0.7485684612361758
297.5 142.5 0.7474456857351373
297.5 147.5 0.7613821366417785
297.5 152.5 0.7679363386290912
297.5 157.5 0.7639083815191152
297.5 162.5 0.7417756694548925
297.5 167.5 0.6858193454218829
297.5 172.5 0.5192977039241004
297.5 177.5 0.3207208218716668
302.5 2.5 0.03743052826587324
302.5 7.5 0.017908269241565147
302.5 12.5 0.011115477460281816
302.5 17.5 0.0088558917644417
302.5 22.5 0.007536630550721383
302.5 27.5 0.0069752428002020994
302.5 32.5 0.007298040756750688
302.5 37.5 0.00825239993263347
302.5 42.5 0.00945938359624993
302.5 47.5 0.01141020602930444
302.5 52.5 0.014610116207264358
302.5 57.5 0.01925559984281143
302.5 62.5 0.02502385897939707
302.5 67.5 0.030820187503508675
302.5 72.5 0.03849716499185988
302.5 77.5 0.047661820019087184
302.5 82.5 0.05643350362095099
302.5 87.5 0.06979453208330995
302.5 92.5 0.09344299107393476
302.5 97.5 0.14250828046932015
302.5 102.5 0.212372986021445
302.5 107.5 0.2851990119575591
302.5 112.5 0.37927356425082803
302.5 117.5 0.4753129736709145
302.5 122.5 0.5534441138494358
302.5 127.5 0.5943271767810027
302.5 132.5 0.6177370459776568
302.5 137.5 0.6241087969460506
302.5 142.5 0.5840116768652108
302.5 147.5 0.5330517038118229
302.5 152.5 0.5252343793858418
302.5 157.5 0.4658816594621905
302.5 162.5 0.35879694605063717
302.5 167.5 0.22957952057486106
302.5 172.5 0.13339976421714478
302.5 177.5 0.07119800145960815
307.5 2.5 0.007298040756750688
307.5 7.5 0.0052209060798293384
307.5 12.5 0.0045612754729691795
307.5 17.5 0.004041991803738843
307.5 22.5 0.0036770897659013082
307.5 27.5 0.0038174367035311288
307.5 32.5 0.004505136697917252
307.5 37.5 0.005487565261325998
307.5 42.5 0.0065682366810756185
307.5 47.5 0.007999775444899793
307.5 52.5 0.011045303991466906
307.5 57.5 0.016139897827429407
307.5 62.5 0.021936226351541008
307.5 67.5 0.02703082018750351
307.5 72.5 0.032097344635940044
307.5 77.5 0.03717790377813956
307.5 82.5 0.040069050693313873
307.5 87.5 0.04131813843821928
307.5 92.5 0.047535507775220344
307.5 97.5 0.06444731375961377
307.5 102.5 0.09601134003256048
307.5 107.5 0.14249424577555717
307.5 112.5 0.19296300454724077
307.5 117.5 0.24816145511704935
307.5 122.5 0.3122298321450626
307.5 127.5 0.3356397013417167
307.5 132.5 0.32401897490596754
307.5 137.5 0.30620894852074326
307.5 142.5 0.2511648795823275
307.5 147.5 0.2081345085050244
307.5 152.5 0.16304103744456297
307.5 157.5 0.11874754392859148
307.5 162.5 0.07728905855274237
307.5 167.5 0.04441980575983832
307.5 172.5 0.02543086509852355
307.5 177.5 0.0135575141750407
312.5 2.5 0.0016560938640318868
312.5 7.5 0.0014736428451131197
312.5 12.5 0.0014736428451131197
312.5 17.5 0.0014736428451131197
312.5 22.5 0.0015157469264020658
312.5 27.5 0.0017262673328467973
312.5 32.5 0.0020911693706843317
312.5 37.5 0.0028069387525964185
312.5 42.5 0.0034525346656935946
312.5 47.5 0.004519171391680233
312.5 52.5 0.006385785662156852
312.5 57.5 0.00919272441475327
312.5 62.5 0.013332959074832987
312.5 67.5 0.016490765171503958
312.5 72.5 0.018694212092292148
312.5 77.5 0.020687138606635604
312.5 82.5 0.02079941615673946
312.5 87.5 0.018876663111210914
312.5 92.5 0.018315275360691628
312.5 97.5 0.024013361028462358
312.5 102.5 0.036153371133441865
312.5 107.5 0.05340200976814686
312.5 112.5 0.07031381575254028
312.5 117.5 0.08391343400886993
312.5 122.5 0.09566047268848593
312.5 127.5 0.09603940942008646
312.5 132.5 0.09157637680345815
312.5 137.5 0.07887497894795936
312.5 142.5 0.06197720765732892
312.5 147.5 0.04927580980183013
312.5 152.5 0.030679840565878854
312.5 157.5 0.02093976309436928
312.5 162.5 0.01375399988772245
312.5 167.5 0.007508561163195419
312.5 172.5 0.004547240779206198
312.5 177.5 0.0028209734463594005
317.5 2.5 4.771795879413911E-4
317.5 7.5 4.63144894178409E-4
317.5 12.5 4.63144894178409E-4
317.5 17.5 5.192836692303374E-4
317.5 22.5 6.315612193341941E-4
317.5 27.5 7.298040756750688E-4
317.5 32.5 8.561163195419076E-4
317.5 37.5 0.0010526020322236568
317.5 42.5 0.001389434682535227
317.5 47.5 0.0018104754954246897
317.5 52.5 0.0026665918149665975
317.5 57.5 0.004112165272553753
317.5 62.5 0.00569808566777073
317.5 67.5 0.0068489305563352604
317.5 72.5 0.007452422388143491
317.5 77.5 0.008182226463818559
317.5 82.5 0.007999775444899793
317.5 87.5 0.006919104025150172
317.5 92.5 0.006540167293549655
317.5 97.5 0.007410318306854544
317.5 102.5 0.011297928479200584
317.5 107.5 0.01752933250996463
317.5 112.5 0.02348004266546904
317.5 117.5 0.026581709987088083
317.5 122.5 0.027886936507045417
317.5 127.5 0.026581709987088083
317.5 132.5 0.023395834502891146
317.5 137.5 0.016350418233874137
317.5 142.5 0.011311963172963567
317.5 147.5 0.007901532588558918
317.5 152.5 0.004884073429517768
317.5 157.5 0.0028771122214113288
317.5 162.5 0.001529781620165048
317.5 167.5 0.0010245326446976927
317.5 172.5 8.280469320159434E-4
317.5 177.5 6.315612193341941E-4
322.5 2.5 8.420816257789255E-5
322.5 7.5 9.824285634087465E-5
322.5 12.5 1.2631224386683884E-4
322.5 17.5 1.403469376298209E-4
322.5 22.5 1.5438163139280302E-4
322.5 27.5 1.684163251557851E-4
322.5 32.5 2.1052040644473137E-4
322.5 37.5 3.368326503115702E-4
322.5 42.5 4.771795879413911E-4
322.5 47.5 6.596306068601583E-4
322.5 52.5 9.543591758827822E-4
322.5 57.5 0.0014876775388761017
322.5 62.5 0.0020911693706843317
322.5 67.5 0.0026104530399146692
322.5 72.5 0.002863077527648347
322.5 77.5 0.002905181608937293
322.5 82.5 0.0028350081401223824
322.5 87.5 0.0025402795710997585
322.5 92.5 0.00241396732723292
322.5 97.5 0.002736765283781508
322.5 102.5 0.003508673440745523
322.5 107.5 0.004982316285858643
322.5 112.5 0.006427889743445798
322.5 117.5 0.006876999943861225
322.5 122.5 0.0065682366810756185
322.5 127.5 0.005922640767978443
322.5 132.5 0.004884073429517768
322.5 137.5 0.003508673440745523
322.5 142.5 0.002722730590018526
322.5 147.5 0.0018806489642396002
322.5 152.5 0.0010245326446976927
322.5 157.5 5.473530567563016E-4
322.5 162.5 1.824510189187672E-4
322.5 167.5 1.403469376298209E-4
322.5 172.5 8.420816257789255E-5
322.5 177.5 7.017346881491046E-5
327.5 2.5 7.017346881491046E-5
327.5 7.5 7.017346881491046E-5
327.5 12.5 7.017346881491046E-5
327.5 17.5 7.017346881491046E-5
327.5 22.5 7.017346881491046E-5
327.5 27.5 7.017346881491046E-5
327.5 32.5 7.017346881491046E-5
327.5 37.5 9.824285634087465E-5
327.5 42.5 1.5438163139280302E-4
327.5 47.5 1.684163251557851E-4
327.5 52.5 3.649020378375344E-4
327.5 57.5 6.0349183180823E-4
327.5 62.5 8.280469320159434E-4
327.5 67.5 9.543591758827822E-4
327.5 72.5 0.0010385673384606749
327.5 77.5 0.0010385673384606749
327.5 82.5 0.0010385673384606749
327.5 87.5 0.0010385673384606749
327.5 92.5 9.824285634087463E-4
327.5 97.5 9.824285634087463E-4
327.5 102.5 0.0010104979509347107
327.5 107.5 0.001249087744905406
327.5 112.5 0.001529781620165048
327.5 117.5 0.0015999550889799585
327.5 122.5 0.0014175040700611912
327.5 127.5 0.0011368101948015495
327.5 132.5 9.12255094593836E-4
327.5 137.5 8.140122382529613E-4
327.5 142.5 6.596306068601583E-4
327.5 147.5 4.4911020041542694E-4
327.5 152.5 1.684163251557851E-4
327.5 157.5 7.017346881491046E-5
327.5 162.5 5.613877505192837E-5
327.5 167.5 5.613877505192837E-5
327.5 172.5 5.613877505192837E-5
327.5 177.5 5.613877505192837E-5
332.5 2.5 4.210408128894627E-5
332.5 7.5 4.210408128894627E-5
332.5 12.5 4.210408128894627E-5
332.5 17.5 4.210408128894627E-5
332.5 22.5 4.210408128894627E-5
332.5 27.5 5.613877505192837E-5
332.5 32.5 5.613877505192837E-5
332.5 37.5 7.017346881491046E-5
332.5 42.5 7.017346881491046E-5
332.5 47.5 7.017346881491046E-5
332.5 52.5 1.403469376298209E-4
332.5 57.5 1.684163251557851E-4
332.5 62.5 2.6665918149665975E-4
332.5 67.5 3.368326503115702E-4
332.5 72.5 3.7893673160051646E-4
332.5 77.5 4.3507550665244487E-4
332.5 82.5 4.4911020041542694E-4
332.5 87.5 4.2104081288946274E-4
332.5 92.5 3.368326503115702E-4
332.5 97.5 2.6665918149665975E-4
332.5 102.5 2.1052040644473137E-4
332.5 107.5 2.6665918149665975E-4
332.5 112.5 3.368326503115702E-4
332.5 117.5 3.368326503115702E-4
332.5 122.5 2.6665918149665975E-4
332.5 127.5 1.684163251557851E-4
332.5 132.5 1.684163251557851E-4
332.5 137.5 1.5438163139280302E-4
332.5 142.5 7.017346881491046E-5
332.5 147.5 7.017346881491046E-5
332.5 152.5 5.613877505192837E-5
332.5 157.5 4.210408128894627E-5
332.5 162.5 4.210408128894627E-5
332.5 167.5 4.210408128894627E-5
332.5 172.5 4.210408128894627E-5
332.5 177.5 4.210408128894627E-5
337.5 2.5 1.4034693762982092E-5
337.5 7.5 1.4034693762982092E-5
337.5 12.5 1.4034693762982092E-5
337.5 17.5 1.4034693762982092E-5
337.5 22.5 1.4034693762982092E-5
337.5 27.5 1.4034693762982092E-5
337.5 32.5 4.210408128894627E-5
337.5 37.5 4.210408128894627E-5
337.5 42.5 5.613877505192837E-5
337.5 47.5 5.613877505192837E-5
337.5 52.5 7.017346881491046E-5
337.5 57.5 7.017346881491046E-5
337.5 62.5 7.017346881491046E-5
337.5 67.5 1.2631224386683884E-4
337.5 72.5 1.403469376298209E-4
337.5 77.5 1.2631224386683884E-4
337.5 82.5 9.824285634087465E-5
337.5 87.5 9.824285634087465E-5
337.5 92.5 7.017346881491046E-5
337.5 97.5 7.017346881491046E-5
337.5 102.5 7.017346881491046E-5
337.5 107.5 7.017346881491046E-5
337.5 112.5 7.017346881491046E-5
337.5 117.5 7.017346881491046E-5
337.5 122.5 7.017346881491046E-5
337.5 127.5 7.017346881491046E-5
337.5 132.5 5.613877505192837E-5
337.5 137.5 5.613877505192837E-5
337.5 142.5 5.613877505192837E-5
337.5 147.5 4.210408128894627E-5
337.5 152.5 1.4034693762982092E-5
337.5 157.5 1.4034693762982092E-5
337.5 162.5 1.4034693762982092E-5
337.5 167.5 1.4034693762982092E-5
337.5 172.5 1.4034693762982092E-5
337.5 177.5 1.4034693762982092E-5
342.5 32.5 1.4034693762982092E-5
342.5 37.5 1.4034693762982092E-5
342.5 42.5 4.210408128894627E-5
342.5 47.5 4.210408128894627E-5
342.5 52.5 5.613877505192837E-5
342.5 57.5 5.613877505192837E-5
342.5 62.5 5.613877505192837E-5
342.5 67.5 7.017346881491046E-5
342.5 72.5 7.017346881491046E-5
342.5 77.5 7.017346881491046E-5
342.5 82.5 5.613877505192837E-5
342.5 87.5 5.613877505192837E-5
342.5 92.5 7.017346881491046E-5
342.5 97.5 7.017346881491046E-5
342.5 102.5 7.017346881491046E-5
342.5 107.5 5.613877505192837E-5
342.5 112.5 5.613877505192837E-5
342.5 117.5 5.613877505192837E-5
342.5 122.5 4.210408128894627E-5
342.5 127.5 4.210408128894627E-5
342.5 132.5 1.4034693762982092E-5
342.5 137.5 1.4034693762982092E-5
342.5 142.5 1.4034693762982092E-5
342.5 147.5 1.4034693762982092E-5
342.5 152.5 1.4034693762982092E-5
347.5 42.5 1.4034693762982092E-5
347.5 47.5 1.4034693762982092E-5
347.5 52.5 2.8069387525964184E-5
347.5 57.5 4.210408128894627E-5
347.5 62.5 4.210408128894627E-5
347.5 67.5 4.210408128894627E-5
347.5 72.5 4.210408128894627E-5
347.5 77.5 4.210408128894627E-5
347.5 82.5 4.210408128894627E-5
347.5 87.5 4.210408128894627E-5
347.5 92.5 4.210408128894627E-5
347.5 97.5 4.210408128894627E-5
347.5 102.5 4.210408128894627E-5
347.5 107.5 4.210408128894627E-5
347.5 112.5 4.210408128894627E-5
347.5 117.5 1.4034693762982092E-5
347.5 122.5 1.4034693762982092E-5
352.5 57.5 1.4034693762982092E-5
352.5 62.5 1.4034693762982092E-5
352.5 67.5 1.4034693762982092E-5
352.5 72.5 1.4034693762982092E-5
352.5 77.5 1.4034693762982092E-5
352.5 82.5 1.4034693762982092E-5
352.5 87.5 1.4034693762982092E-5
352.5 92.5 1.4034693762982092E-5
352.5 97.5 2.8069387525964184E-5
352.5 102.5 1.4034693762982092E-5
352.5 107.5 1.4034693762982092E-5
352.5 112.5 1.4034693762982092E-5
357.5 77.5 1.4034693762982092E-5
357.5 82.5 1.4034693762982092E-5
357.5 87.5 1.4034693762982092E-5
357.5 92.5 1.4034693762982092E-5
357.5 97.5 1.4034693762982092E-5
357.5 102.5 1.4034693762982092E-5
