# Table name/description: "Top8000 Tyr and Phe"
# Number of dimensions: 2
# For each dimension, 1 to 2: lower_bound  upper_bound  number_of_bins  wrapping
#   x1: 0.0 360.0 72 true
#   x2: 0.0 180.0 36 true
# List of table coordinates and values. (Value is last number on each line.)
2.5 52.5 1.9587103850824618E-5
2.5 57.5 1.9587103850824618E-5
2.5 62.5 2.9380655776236926E-5
2.5 67.5 3.9174207701649236E-5
2.5 72.5 3.9174207701649236E-5
2.5 77.5 3.9174207701649236E-5
2.5 82.5 2.9380655776236926E-5
2.5 87.5 2.9380655776236926E-5
2.5 92.5 1.9587103850824618E-5
2.5 97.5 9.793551925412309E-6
7.5 47.5 1.9587103850824618E-5
7.5 52.5 2.9380655776236926E-5
7.5 57.5 3.9174207701649236E-5
7.5 62.5 5.876131155247385E-5
7.5 67.5 5.876131155247385E-5
7.5 72.5 5.876131155247385E-5
7.5 77.5 5.876131155247385E-5
7.5 82.5 3.9174207701649236E-5
7.5 87.5 3.9174207701649236E-5
7.5 92.5 1.9587103850824618E-5
7.5 97.5 1.9587103850824618E-5
12.5 42.5 1.9587103850824618E-5
12.5 47.5 3.9174207701649236E-5
12.5 52.5 5.876131155247385E-5
12.5 57.5 1.175226231049477E-4
12.5 62.5 1.6649038273200924E-4
12.5 67.5 1.7628393465742156E-4
12.5 72.5 1.9587103850824617E-4
12.5 77.5 1.6649038273200924E-4
12.5 82.5 1.175226231049477E-4
12.5 87.5 5.876131155247385E-5
12.5 92.5 3.9174207701649236E-5
12.5 97.5 1.9587103850824618E-5
12.5 102.5 9.793551925412309E-6
17.5 37.5 1.9587103850824618E-5
17.5 42.5 3.9174207701649236E-5
17.5 47.5 5.876131155247385E-5
17.5 52.5 1.3710972695577233E-4
17.5 57.5 2.350452462098954E-4
17.5 62.5 4.1132918086731694E-4
17.5 67.5 5.974066674501508E-4
17.5 72.5 8.030712578838093E-4
17.5 77.5 6.463744270772124E-4
17.5 82.5 4.211227327927293E-4
17.5 87.5 1.8607748658283385E-4
17.5 92.5 6.855486347788617E-5
17.5 97.5 3.9174207701649236E-5
17.5 102.5 1.9587103850824618E-5
17.5 107.5 9.793551925412309E-6
22.5 32.5 1.9587103850824618E-5
22.5 37.5 2.9380655776236926E-5
22.5 42.5 5.876131155247385E-5
22.5 47.5 1.6649038273200924E-4
22.5 52.5 3.623614212402554E-4
22.5 57.5 6.757550828534493E-4
22.5 62.5 0.0010283229521682925
22.5 67.5 0.0013808908214831355
22.5 72.5 0.001586555411916794
22.5 77.5 0.0015375876522897324
22.5 82.5 0.0012535746464527756
22.5 87.5 9.20593880988757E-4
22.5 92.5 5.484389078230893E-4
22.5 97.5 2.448387981353077E-4
22.5 102.5 7.834841540329847E-5
22.5 107.5 2.9380655776236926E-5
22.5 112.5 9.793551925412309E-6
27.5 27.5 1.9587103850824618E-5
27.5 32.5 1.9587103850824618E-5
27.5 37.5 3.9174207701649236E-5
27.5 42.5 1.3710972695577233E-4
27.5 47.5 4.1132918086731694E-4
27.5 52.5 8.520390175108709E-4
27.5 57.5 0.0012633681983781877
27.5 62.5 0.0022133427351431817
27.5 67.5 0.0033591883104164217
27.5 72.5 0.004005562737493635
27.5 77.5 0.004103498256747757
27.5 82.5 0.0037215497316566773
27.5 87.5 0.0030360010968778156
27.5 92.5 0.0021545814235907077
27.5 97.5 0.001361303717632311
27.5 102.5 7.93277705958397E-4
27.5 107.5 1.3710972695577233E-4
27.5 112.5 2.9380655776236926E-5
32.5 17.5 9.793551925412309E-6
32.5 22.5 1.9587103850824618E-5
32.5 27.5 2.9380655776236926E-5
32.5 32.5 3.9174207701649236E-5
32.5 37.5 1.077290711795354E-4
32.5 42.5 3.4277431738943077E-4
32.5 47.5 8.520390175108709E-4
32.5 52.5 0.0012633681983781877
32.5 57.5 0.0025561170525326125
32.5 62.5 0.004397304814510126
32.5 67.5 0.0063853958553688256
32.5 72.5 0.008657499902064481
32.5 77.5 0.010204881106279625
32.5 82.5 0.010498687664041995
32.5 87.5 0.00915697105026051
32.5 92.5 0.006326634543816352
32.5 97.5 0.004250401535628942
32.5 102.5 0.0022329298389940065
32.5 107.5 8.520390175108709E-4
32.5 112.5 6.855486347788617E-5
32.5 117.5 1.9587103850824618E-5
37.5 2.5 9.793551925412309E-6
37.5 7.5 1.9587103850824618E-5
37.5 12.5 1.9587103850824618E-5
37.5 17.5 2.9380655776236926E-5
37.5 22.5 3.9174207701649236E-5
37.5 27.5 4.8967759627061544E-5
37.5 32.5 7.834841540329847E-5
37.5 37.5 2.0566459043365847E-4
37.5 42.5 5.974066674501508E-4
37.5 47.5 0.0011262584714224154
37.5 52.5 0.002056645904336585
37.5 57.5 0.004152466016374819
37.5 62.5 0.007305989736357582
37.5 67.5 0.012192972147138324
37.5 72.5 0.01930309084498766
37.5 77.5 0.025806009323461433
37.5 82.5 0.02974301719747718
37.5 87.5 0.027010616210287147
37.5 92.5 0.019753594233556625
37.5 97.5 0.01149762996043405
37.5 102.5 0.005846750499471148
37.5 107.5 0.0025169428448309633
37.5 112.5 7.247228424805108E-4
37.5 117.5 5.876131155247385E-5
37.5 122.5 1.9587103850824618E-5
42.5 2.5 3.9174207701649236E-5
42.5 7.5 5.876131155247385E-5
42.5 12.5 5.876131155247385E-5
42.5 17.5 7.834841540329847E-5
42.5 22.5 8.814196732871078E-5
42.5 27.5 1.175226231049477E-4
42.5 32.5 1.7628393465742156E-4
42.5 37.5 4.0153562894190464E-4
42.5 42.5 8.814196732871077E-4
42.5 47.5 0.001459239236886434
42.5 52.5 0.003016413993026991
42.5 57.5 0.00525913738394641
42.5 62.5 0.010577036079445294
42.5 67.5 0.02018451051827477
42.5 72.5 0.03575625807968034
42.5 77.5 0.05939789242762565
42.5 82.5 0.0787695381360912
42.5 87.5 0.08064990010577036
42.5 92.5 0.057282485211736595
42.5 97.5 0.028881184628040898
42.5 102.5 0.015091863517060367
42.5 107.5 0.005719434324440788
42.5 112.5 0.0017040780350217417
42.5 117.5 5.974066674501508E-4
42.5 122.5 5.876131155247385E-5
42.5 127.5 1.9587103850824618E-5
42.5 172.5 1.9587103850824618E-5
42.5 177.5 2.9380655776236926E-5
47.5 2.5 1.6649038273200924E-4
47.5 7.5 1.9587103850824617E-4
47.5 12.5 2.2525169428448308E-4
47.5 17.5 1.9587103850824617E-4
47.5 22.5 1.9587103850824617E-4
47.5 27.5 2.154581423590708E-4
47.5 32.5 3.133936616131939E-4
47.5 37.5 5.484389078230893E-4
47.5 42.5 9.989422963920555E-4
47.5 47.5 0.0017530457946488033
47.5 52.5 0.003535472245073843
47.5 57.5 0.006375602303443413
47.5 62.5 0.014915579582402945
47.5 67.5 0.030085791514866612
47.5 72.5 0.06758530183727034
47.5 77.5 0.11931484310729816
47.5 82.5 0.1722489912641517
47.5 87.5 0.19241391467857563
47.5 92.5 0.14236886433971874
47.5 97.5 0.07323618129823324
47.5 102.5 0.032005327692247426
47.5 107.5 0.013946017941787127
47.5 112.5 0.004152466016374819
47.5 117.5 0.0013417166137814863
47.5 122.5 4.211227327927293E-4
47.5 127.5 4.8967759627061544E-5
47.5 132.5 1.9587103850824618E-5
47.5 162.5 1.9587103850824618E-5
47.5 167.5 2.9380655776236926E-5
47.5 172.5 4.8967759627061544E-5
47.5 177.5 1.175226231049477E-4
52.5 2.5 4.1132918086731694E-4
52.5 7.5 4.211227327927293E-4
52.5 12.5 4.211227327927293E-4
52.5 17.5 3.8194852509108006E-4
52.5 22.5 3.329807654640185E-4
52.5 27.5 3.231872135386062E-4
52.5 32.5 4.1132918086731694E-4
52.5 37.5 6.757550828534493E-4
52.5 42.5 0.0010577036079445293
52.5 47.5 0.0018999490735299878
52.5 52.5 0.0037313432835820895
52.5 57.5 0.007492067222940416
52.5 62.5 0.018020135542758647
52.5 67.5 0.04146589885219572
52.5 72.5 0.10233282406863321
52.5 77.5 0.19808438124338934
52.5 82.5 0.3210522192188663
52.5 87.5 0.36897206878990874
52.5 92.5 0.30550985231323696
52.5 97.5 0.16285697496768128
52.5 102.5 0.07447996239276061
52.5 107.5 0.02769616484506601
52.5 112.5 0.00895130645982685
52.5 117.5 0.003133936616131939
52.5 122.5 9.499745367649939E-4
52.5 127.5 1.7628393465742156E-4
52.5 132.5 3.9174207701649236E-5
52.5 137.5 2.9380655776236926E-5
52.5 142.5 1.9587103850824618E-5
52.5 147.5 1.9587103850824618E-5
52.5 152.5 1.9587103850824618E-5
52.5 157.5 3.9174207701649236E-5
52.5 162.5 5.876131155247385E-5
52.5 167.5 1.175226231049477E-4
52.5 172.5 1.9587103850824617E-4
52.5 177.5 3.231872135386062E-4
57.5 2.5 5.974066674501508E-4
57.5 7.5 5.974066674501508E-4
57.5 12.5 5.484389078230893E-4
57.5 17.5 4.407098366435539E-4
57.5 22.5 3.8194852509108006E-4
57.5 27.5 3.623614212402554E-4
57.5 32.5 4.1132918086731694E-4
57.5 37.5 6.65961530928037E-4
57.5 42.5 0.0010381165040937047
57.5 47.5 0.0018901555216045756
57.5 52.5 0.0037803110432091513
57.5 57.5 0.007981744819211031
57.5 62.5 0.01939123281231637
57.5 67.5 0.045716300387824656
57.5 72.5 0.11477063501390684
57.5 77.5 0.2507149292905551
57.5 82.5 0.3992831119990598
57.5 87.5 0.5001566968308065
57.5 92.5 0.4701688408351941
57.5 97.5 0.33134524229247464
57.5 102.5 0.15745093430485368
57.5 107.5 0.05904532455831081
57.5 112.5 0.01806910330238571
57.5 117.5 0.005729227876366201
57.5 122.5 0.0018313942100521017
57.5 127.5 5.582324597485016E-4
57.5 132.5 1.7628393465742156E-4
57.5 137.5 1.175226231049477E-4
57.5 142.5 9.793551925412309E-5
57.5 147.5 1.077290711795354E-4
57.5 152.5 1.175226231049477E-4
57.5 157.5 1.4690327888118462E-4
57.5 162.5 1.9587103850824617E-4
57.5 167.5 3.231872135386062E-4
57.5 172.5 4.309162847181416E-4
57.5 177.5 5.484389078230893E-4
62.5 2.5 8.128648098092216E-4
62.5 7.5 7.736906021075724E-4
62.5 12.5 5.582324597485016E-4
62.5 17.5 4.309162847181416E-4
62.5 22.5 3.4277431738943077E-4
62.5 27.5 2.448387981353077E-4
62.5 32.5 3.231872135386062E-4
62.5 37.5 5.288518039722646E-4
62.5 42.5 9.499745367649939E-4
62.5 47.5 0.001713871586947154
62.5 52.5 0.0037509303874329143
62.5 57.5 0.00802091902691268
62.5 62.5 0.01929329729306225
62.5 67.5 0.042494221804364005
62.5 72.5 0.10200963685509461
62.5 77.5 0.22499706193442237
62.5 82.5 0.40151604183805384
62.5 87.5 0.5642457006307048
62.5 92.5 0.6070141418889803
62.5 97.5 0.47004152466016375
62.5 102.5 0.27216280800720805
62.5 107.5 0.09295060132408822
62.5 112.5 0.0281662553374858
62.5 117.5 0.009783758373486896
62.5 122.5 0.003555059348924668
62.5 127.5 0.0013417166137814863
62.5 132.5 8.520390175108709E-4
62.5 137.5 5.288518039722646E-4
62.5 142.5 4.407098366435539E-4
62.5 147.5 4.309162847181416E-4
62.5 152.5 4.211227327927293E-4
62.5 157.5 4.211227327927293E-4
62.5 162.5 4.309162847181416E-4
62.5 167.5 5.288518039722646E-4
62.5 172.5 6.267873232263878E-4
62.5 177.5 8.030712578838093E-4
67.5 2.5 8.030712578838093E-4
67.5 7.5 5.974066674501508E-4
67.5 12.5 4.700904924197908E-4
67.5 17.5 3.623614212402554E-4
67.5 22.5 2.0566459043365847E-4
67.5 27.5 1.6649038273200924E-4
67.5 32.5 1.7628393465742156E-4
67.5 37.5 2.8401300583695695E-4
67.5 42.5 8.030712578838093E-4
67.5 47.5 0.0014102714772593725
67.5 52.5 0.003329807654640185
67.5 57.5 0.007090531593998512
67.5 62.5 0.016521722098170565
67.5 67.5 0.03377796059074705
67.5 72.5 0.07537117561797313
67.5 77.5 0.16457084655462842
67.5 82.5 0.3278979120147295
67.5 87.5 0.49112704195557644
67.5 92.5 0.5839405335527089
67.5 97.5 0.48489834293101425
67.5 102.5 0.297126571865084
67.5 107.5 0.11801230070121832
67.5 112.5 0.04102518901555216
67.5 117.5 0.016051631605750773
67.5 122.5 0.005709640772515376
67.5 127.5 0.002849923610294982
67.5 132.5 0.001586555411916794
67.5 137.5 0.0011360520233478278
67.5 142.5 9.499745367649939E-4
67.5 147.5 9.010067771379323E-4
67.5 152.5 8.520390175108709E-4
67.5 157.5 8.128648098092216E-4
67.5 162.5 6.855486347788615E-4
67.5 167.5 6.757550828534493E-4
67.5 172.5 8.030712578838093E-4
67.5 177.5 8.128648098092216E-4
72.5 2.5 5.288518039722646E-4
72.5 7.5 4.211227327927293E-4
72.5 12.5 2.8401300583695695E-4
72.5 17.5 1.7628393465742156E-4
72.5 22.5 8.814196732871078E-5
72.5 27.5 4.8967759627061544E-5
72.5 32.5 5.876131155247385E-5
72.5 37.5 1.3710972695577233E-4
72.5 42.5 3.623614212402554E-4
72.5 47.5 0.0010087358483174677
72.5 52.5 0.0024581815332784893
72.5 57.5 0.005249343832020997
72.5 62.5 0.010753320014102714
72.5 67.5 0.020938614016531517
72.5 72.5 0.04323853175069534
72.5 77.5 0.0973185254828221
72.5 82.5 0.19362831511732675
72.5 87.5 0.3217867356132722
72.5 92.5 0.3991753829278803
72.5 97.5 0.37749245896501743
72.5 102.5 0.25727660908058136
72.5 107.5 0.1202158498844361
72.5 112.5 0.052131076898969717
72.5 117.5 0.02090923336075528
72.5 122.5 0.0089904806675285
72.5 127.5 0.0044560661260626
72.5 132.5 0.002849923610294982
72.5 137.5 0.0018216006581266895
72.5 142.5 0.0013417166137814863
72.5 147.5 0.0011360520233478278
72.5 152.5 0.0010283229521682925
72.5 157.5 9.010067771379323E-4
72.5 162.5 8.324519136600463E-4
72.5 167.5 6.95342186704274E-4
72.5 172.5 6.267873232263878E-4
72.5 177.5 5.974066674501508E-4
77.5 2.5 2.8401300583695695E-4
77.5 7.5 1.9587103850824617E-4
77.5 12.5 1.175226231049477E-4
77.5 17.5 5.876131155247385E-5
77.5 22.5 3.9174207701649236E-5
77.5 27.5 1.9587103850824618E-5
77.5 32.5 1.9587103850824618E-5
77.5 37.5 3.9174207701649236E-5
77.5 42.5 1.175226231049477E-4
77.5 47.5 4.798840443452031E-4
77.5 52.5 0.0013515101657068985
77.5 57.5 0.003584440004700905
77.5 62.5 0.00602303443412857
77.5 67.5 0.01073373291025189
77.5 72.5 0.020468523524111725
77.5 77.5 0.04455086770870059
77.5 82.5 0.090071297058017
77.5 87.5 0.15526697222548674
77.5 92.5 0.23039330904532457
77.5 97.5 0.24759078622634859
77.5 102.5 0.17097582951384807
77.5 107.5 0.0942825243859443
77.5 112.5 0.04763583656520547
77.5 117.5 0.021996317624476045
77.5 122.5 0.0108218748775806
77.5 127.5 0.005484389078230892
77.5 132.5 0.0036334077643279663
77.5 137.5 0.002379833117875191
77.5 142.5 0.0015669683080659694
77.5 147.5 0.0012535746464527756
77.5 152.5 0.0010968778156461786
77.5 157.5 9.20593880988757E-4
77.5 162.5 8.128648098092216E-4
77.5 167.5 5.484389078230893E-4
77.5 172.5 4.309162847181416E-4
77.5 177.5 4.1132918086731694E-4
82.5 2.5 1.175226231049477E-4
82.5 7.5 5.876131155247385E-5
82.5 12.5 3.9174207701649236E-5
82.5 17.5 1.9587103850824618E-5
82.5 22.5 9.793551925412309E-6
82.5 37.5 9.793551925412309E-6
82.5 42.5 3.9174207701649236E-5
82.5 47.5 1.3710972695577233E-4
82.5 52.5 6.267873232263878E-4
82.5 57.5 0.0015375876522897324
82.5 62.5 0.003329807654640185
82.5 67.5 0.005131821208916049
82.5 72.5 0.009254906569514632
82.5 77.5 0.019567516746973792
82.5 82.5 0.03940925294785913
82.5 87.5 0.0747150076389705
82.5 92.5 0.1140165315156501
82.5 97.5 0.12305597994280566
82.5 102.5 0.0932444078818506
82.5 107.5 0.05739021428291613
82.5 112.5 0.031231637090139854
82.5 117.5 0.018108277510087357
82.5 122.5 0.009597680886904063
82.5 127.5 0.00525913738394641
82.5 132.5 0.003623614212402554
82.5 137.5 0.002360246014024366
82.5 142.5 0.0015375876522897324
82.5 147.5 0.001175226231049477
82.5 152.5 9.79355192541231E-4
82.5 157.5 8.422454655854586E-4
82.5 162.5 5.288518039722646E-4
82.5 167.5 3.721549731656677E-4
82.5 172.5 2.350452462098954E-4
82.5 177.5 1.6649038273200924E-4
87.5 2.5 3.9174207701649236E-5
87.5 7.5 1.9587103850824618E-5
87.5 12.5 9.793551925412309E-6
87.5 42.5 9.793551925412309E-6
87.5 47.5 3.9174207701649236E-5
87.5 52.5 1.6649038273200924E-4
87.5 57.5 7.93277705958397E-4
87.5 62.5 0.001390684373408548
87.5 67.5 0.0027128138833392096
87.5 72.5 0.004446272574137188
87.5 77.5 0.008030712578838093
87.5 82.5 0.017246444940651074
87.5 87.5 0.030340423864927333
87.5 92.5 0.04394366748932503
87.5 97.5 0.04645081678223058
87.5 102.5 0.035815019391232814
87.5 107.5 0.024875621890547265
87.5 112.5 0.017452109531084732
87.5 117.5 0.010753320014102714
87.5 122.5 0.006218905472636816
87.5 127.5 0.004172053120225643
87.5 132.5 0.002732400987190034
87.5 137.5 0.001713871586947154
87.5 142.5 0.001175226231049477
87.5 147.5 9.499745367649939E-4
87.5 152.5 8.128648098092216E-4
87.5 157.5 4.407098366435539E-4
87.5 162.5 2.448387981353077E-4
87.5 167.5 1.5669683080659695E-4
87.5 172.5 7.834841540329847E-5
87.5 177.5 4.8967759627061544E-5
92.5 2.5 1.9587103850824618E-5
92.5 47.5 9.793551925412309E-6
92.5 52.5 3.9174207701649236E-5
92.5 57.5 1.9587103850824617E-4
92.5 62.5 6.757550828534493E-4
92.5 67.5 0.0012633681983781877
92.5 72.5 0.002389626669800603
92.5 77.5 0.00407411760097152
92.5 82.5 0.006904454107415678
92.5 87.5 0.011948133349003017
92.5 92.5 0.015983076742272888
92.5 97.5 0.016100599365377836
92.5 102.5 0.012996043405022133
92.5 107.5 0.009470364711873703
92.5 112.5 0.00665961530928037
92.5 117.5 0.004828221099228268
92.5 122.5 0.003555059348924668
92.5 127.5 0.002321071806322717
92.5 132.5 0.0014788263407372586
92.5 137.5 0.0010381165040937047
92.5 142.5 8.226583617346339E-4
92.5 147.5 5.0926470012144E-4
92.5 152.5 2.7421945391154466E-4
92.5 157.5 1.3710972695577233E-4
92.5 162.5 5.876131155247385E-5
92.5 167.5 3.9174207701649236E-5
92.5 172.5 2.9380655776236926E-5
92.5 177.5 1.9587103850824618E-5
97.5 52.5 1.9587103850824618E-5
97.5 57.5 4.8967759627061544E-5
97.5 62.5 2.2525169428448308E-4
97.5 67.5 7.345163944059231E-4
97.5 72.5 0.001175226231049477
97.5 77.5 0.001968503937007874
97.5 82.5 0.0033102205507893603
97.5 87.5 0.004612762956869197
97.5 92.5 0.005699847220589964
97.5 97.5 0.005650879460962902
97.5 102.5 0.004789046891526619
97.5 107.5 0.0036921690758804403
97.5 112.5 0.0025267363967563755
97.5 117.5 0.001713871586947154
97.5 122.5 0.0012535746464527756
97.5 127.5 9.401809848395816E-4
97.5 132.5 5.778195635993262E-4
97.5 137.5 3.623614212402554E-4
97.5 142.5 1.7628393465742156E-4
97.5 147.5 1.175226231049477E-4
97.5 152.5 4.8967759627061544E-5
97.5 157.5 2.9380655776236926E-5
97.5 162.5 1.9587103850824618E-5
97.5 167.5 1.9587103850824618E-5
102.5 57.5 1.9587103850824618E-5
102.5 62.5 5.876131155247385E-5
102.5 67.5 2.448387981353077E-4
102.5 72.5 6.267873232263878E-4
102.5 77.5 9.79355192541231E-4
102.5 82.5 0.0013025424060798371
102.5 87.5 0.0018216006581266895
102.5 92.5 0.0022329298389940065
102.5 97.5 0.0022035491832177695
102.5 102.5 0.0017334586907979785
102.5 107.5 0.001175226231049477
102.5 112.5 8.520390175108709E-4
102.5 117.5 4.211227327927293E-4
102.5 122.5 2.350452462098954E-4
102.5 127.5 1.3710972695577233E-4
102.5 132.5 5.876131155247385E-5
102.5 137.5 3.9174207701649236E-5
102.5 142.5 2.9380655776236926E-5
102.5 147.5 1.9587103850824618E-5
102.5 152.5 9.793551925412309E-6
107.5 57.5 1.9587103850824618E-5
107.5 62.5 3.9174207701649236E-5
107.5 67.5 7.834841540329847E-5
107.5 72.5 1.9587103850824617E-4
107.5 77.5 4.1132918086731694E-4
107.5 82.5 5.582324597485016E-4
107.5 87.5 8.128648098092216E-4
107.5 92.5 8.618325694362832E-4
107.5 97.5 8.520390175108709E-4
107.5 102.5 5.386453558976769E-4
107.5 107.5 2.2525169428448308E-4
107.5 112.5 5.876131155247385E-5
107.5 117.5 3.9174207701649236E-5
107.5 122.5 2.9380655776236926E-5
107.5 127.5 1.9587103850824618E-5
107.5 132.5 1.9587103850824618E-5
112.5 57.5 9.793551925412309E-6
112.5 62.5 1.9587103850824618E-5
112.5 67.5 3.9174207701649236E-5
112.5 72.5 6.855486347788617E-5
112.5 77.5 1.3710972695577233E-4
112.5 82.5 1.7628393465742156E-4
112.5 87.5 1.9587103850824617E-4
112.5 92.5 1.7628393465742156E-4
112.5 97.5 1.3710972695577233E-4
112.5 102.5 5.876131155247385E-5
112.5 107.5 3.9174207701649236E-5
112.5 112.5 1.9587103850824618E-5
112.5 117.5 1.9587103850824618E-5
117.5 62.5 1.9587103850824618E-5
117.5 67.5 3.9174207701649236E-5
117.5 72.5 4.8967759627061544E-5
117.5 77.5 5.876131155247385E-5
117.5 82.5 8.814196732871078E-5
117.5 87.5 6.855486347788617E-5
117.5 92.5 5.876131155247385E-5
117.5 97.5 3.9174207701649236E-5
117.5 102.5 2.9380655776236926E-5
117.5 107.5 1.9587103850824618E-5
117.5 112.5 9.793551925412309E-6
122.5 57.5 9.793551925412309E-6
122.5 62.5 1.9587103850824618E-5
122.5 67.5 3.9174207701649236E-5
122.5 72.5 5.876131155247385E-5
122.5 77.5 1.175226231049477E-4
122.5 82.5 1.175226231049477E-4
122.5 87.5 7.834841540329847E-5
122.5 92.5 4.8967759627061544E-5
122.5 97.5 3.9174207701649236E-5
122.5 102.5 1.9587103850824618E-5
122.5 107.5 9.793551925412309E-6
127.5 52.5 9.793551925412309E-6
127.5 57.5 2.9380655776236926E-5
127.5 62.5 5.876131155247385E-5
127.5 67.5 1.3710972695577233E-4
127.5 72.5 2.2525169428448308E-4
127.5 77.5 2.448387981353077E-4
127.5 82.5 2.448387981353077E-4
127.5 87.5 1.7628393465742156E-4
127.5 92.5 8.814196732871078E-5
127.5 97.5 3.9174207701649236E-5
127.5 102.5 1.9587103850824618E-5
127.5 107.5 9.793551925412309E-6
132.5 47.5 9.793551925412309E-6
132.5 52.5 3.9174207701649236E-5
132.5 57.5 1.175226231049477E-4
132.5 62.5 3.133936616131939E-4
132.5 67.5 5.582324597485016E-4
132.5 72.5 8.128648098092216E-4
132.5 77.5 8.128648098092216E-4
132.5 82.5 6.267873232263878E-4
132.5 87.5 4.211227327927293E-4
132.5 92.5 2.0566459043365847E-4
132.5 97.5 5.876131155247385E-5
132.5 102.5 2.9380655776236926E-5
132.5 107.5 9.793551925412309E-6
137.5 42.5 1.9587103850824618E-5
137.5 47.5 5.876131155247385E-5
137.5 52.5 1.9587103850824617E-4
137.5 57.5 5.288518039722646E-4
137.5 62.5 9.499745367649939E-4
137.5 67.5 0.0013221295099306617
137.5 72.5 0.0016551102753946802
137.5 77.5 0.0016649038273200926
137.5 82.5 0.0013515101657068985
137.5 87.5 9.597680886904062E-4
137.5 92.5 5.582324597485016E-4
137.5 97.5 1.7628393465742156E-4
137.5 102.5 3.9174207701649236E-5
137.5 107.5 1.9587103850824618E-5
142.5 32.5 1.9587103850824618E-5
142.5 37.5 5.876131155247385E-5
142.5 42.5 3.623614212402554E-4
142.5 47.5 8.324519136600463E-4
142.5 52.5 0.0010283229521682925
142.5 57.5 0.001390684373408548
142.5 62.5 0.002350452462098954
142.5 67.5 0.0036627884201042033
142.5 72.5 0.004602969404943785
142.5 77.5 0.004554001645316724
142.5 82.5 0.003623614212402554
142.5 87.5 0.002007678144709523
142.5 92.5 0.0011556391271986524
142.5 97.5 5.288518039722646E-4
142.5 102.5 1.175226231049477E-4
142.5 107.5 1.9587103850824618E-5
147.5 22.5 9.793551925412309E-6
147.5 27.5 1.9587103850824618E-5
147.5 32.5 1.3710972695577233E-4
147.5 37.5 8.226583617346339E-4
147.5 42.5 0.001361303717632311
147.5 47.5 0.0020174716966349353
147.5 52.5 0.0026540525717867356
147.5 57.5 0.0037607239393583265
147.5 62.5 0.005817369843694911
147.5 67.5 0.010322403729384573
147.5 72.5 0.01395581149371254
147.5 77.5 0.013897050182160066
147.5 82.5 0.00984251968503937
147.5 87.5 0.00525913738394641
147.5 92.5 0.0028401300583695693
147.5 97.5 0.0012731617503036002
147.5 102.5 4.700904924197908E-4
147.5 107.5 4.8967759627061544E-5
147.5 112.5 9.793551925412309E-6
152.5 7.5 1.9587103850824618E-5
152.5 12.5 1.9587103850824618E-5
152.5 17.5 3.9174207701649236E-5
152.5 22.5 5.876131155247385E-5
152.5 27.5 3.231872135386062E-4
152.5 32.5 0.0010870842637207662
152.5 37.5 0.0022623104947702435
152.5 42.5 0.0037215497316566773
152.5 47.5 0.004906569514631567
152.5 52.5 0.006238492576487641
152.5 57.5 0.00946057115994829
152.5 62.5 0.016433580130841854
152.5 67.5 0.027157519489168332
152.5 72.5 0.03669643906451992
152.5 77.5 0.035854193598934464
152.5 82.5 0.026070435225447566
152.5 87.5 0.015072276413209542
152.5 92.5 0.006845692795863204
152.5 97.5 0.0036921690758804403
152.5 102.5 0.0014788263407372586
152.5 107.5 3.721549731656677E-4
152.5 112.5 3.9174207701649236E-5
157.5 2.5 1.9587103850824618E-5
157.5 7.5 3.9174207701649236E-5
157.5 12.5 8.814196732871078E-5
157.5 17.5 2.8401300583695695E-4
157.5 22.5 8.422454655854586E-4
157.5 27.5 0.0015375876522897324
157.5 32.5 0.003496298037372194
157.5 37.5 0.005533356837857955
157.5 42.5 0.00848121596740706
157.5 47.5 0.012320288322168685
157.5 52.5 0.01791240647157911
157.5 57.5 0.02601167391389509
157.5 62.5 0.04277823481020097
157.5 67.5 0.0748814980217025
157.5 72.5 0.10767030986798291
157.5 77.5 0.10599561248873741
157.5 82.5 0.07210992282681082
157.5 87.5 0.037998981470599755
157.5 92.5 0.01908763270262859
157.5 97.5 0.00860853214243742
157.5 102.5 0.003878246562463274
157.5 107.5 0.0011654326791240648
157.5 112.5 1.7628393465742156E-4
157.5 117.5 2.9380655776236926E-5
157.5 177.5 9.793551925412309E-6
162.5 2.5 5.876131155247385E-5
162.5 7.5 2.2525169428448308E-4
162.5 12.5 8.128648098092216E-4
162.5 17.5 0.0015473812042151448
162.5 22.5 0.003212285031535237
162.5 27.5 0.005082853449288988
162.5 32.5 0.008765228973244017
162.5 37.5 0.0147197085438947
162.5 42.5 0.021183452814666822
162.5 47.5 0.02935127512046069
162.5 52.5 0.04359109962001018
162.5 57.5 0.06987699298781683
162.5 62.5 0.1160927645238375
162.5 67.5 0.19544991577545345
162.5 72.5 0.28772476201668823
162.5 77.5 0.2970384298977553
162.5 82.5 0.20831864300544523
162.5 87.5 0.11764014572805265
162.5 92.5 0.054138755043679244
162.5 97.5 0.023896266698006034
162.5 102.5 0.008843577388647314
162.5 107.5 0.003173110823833588
162.5 112.5 9.20593880988757E-4
162.5 117.5 1.7628393465742156E-4
162.5 122.5 3.9174207701649236E-5
162.5 127.5 9.793551925412309E-6
162.5 167.5 9.793551925412309E-6
162.5 172.5 1.9587103850824618E-5
162.5 177.5 2.9380655776236926E-5
167.5 2.5 5.288518039722646E-4
167.5 7.5 0.0011556391271986524
167.5 12.5 0.0026540525717867356
167.5 17.5 0.005033885689661927
167.5 22.5 0.009186351706036745
167.5 27.5 0.015924315430720412
167.5 32.5 0.02240764680534336
167.5 37.5 0.0323872762173385
167.5 42.5 0.05049555372742586
167.5 47.5 0.0690641281780076
167.5 52.5 0.09713244799623928
167.5 57.5 0.15254436479022213
167.5 62.5 0.26825518078896854
167.5 67.5 0.39897951188937203
167.5 72.5 0.5362557292278763
167.5 77.5 0.593136678810671
167.5 82.5 0.5003721549731657
167.5 87.5 0.3312277196693697
167.5 92.5 0.15998746425353547
167.5 97.5 0.07039605123986367
167.5 102.5 0.026001880361969678
167.5 107.5 0.008637912798213656
167.5 112.5 0.002751988091040859
167.5 117.5 0.0010283229521682925
167.5 122.5 3.623614212402554E-4
167.5 127.5 4.8967759627061544E-5
167.5 132.5 1.9587103850824618E-5
167.5 137.5 1.9587103850824618E-5
167.5 142.5 9.793551925412309E-6
167.5 147.5 9.793551925412309E-6
167.5 152.5 1.9587103850824618E-5
167.5 157.5 1.9587103850824618E-5
167.5 162.5 3.9174207701649236E-5
167.5 167.5 4.8967759627061544E-5
167.5 172.5 8.814196732871078E-5
167.5 177.5 1.8607748658283385E-4
172.5 2.5 0.0020174716966349353
172.5 7.5 0.003878246562463274
172.5 12.5 0.006904454107415678
172.5 17.5 0.013368198378187802
172.5 22.5 0.022368472597641714
172.5 27.5 0.033063031300191954
172.5 32.5 0.04623535863987151
172.5 37.5 0.06742860500646375
172.5 42.5 0.09783758373486896
172.5 47.5 0.1273749363419125
172.5 52.5 0.18044619422572178
172.5 57.5 0.2979786108825949
172.5 62.5 0.4411505464801974
172.5 67.5 0.6226936185215654
172.5 72.5 0.7784404747913973
172.5 77.5 0.8717730246405766
172.5 82.5 0.7774709131507815
172.5 87.5 0.59085478121205
172.5 92.5 0.35784659380264033
172.5 97.5 0.17229795902377876
172.5 102.5 0.07498922709288204
172.5 107.5 0.024454499157754533
172.5 112.5 0.008206996513495515
172.5 117.5 0.003231872135386062
172.5 122.5 0.0013025424060798371
172.5 127.5 5.288518039722646E-4
172.5 132.5 1.175226231049477E-4
172.5 137.5 4.8967759627061544E-5
172.5 142.5 4.8967759627061544E-5
172.5 147.5 5.876131155247385E-5
172.5 152.5 1.175226231049477E-4
172.5 157.5 1.9587103850824617E-4
172.5 162.5 3.623614212402554E-4
172.5 167.5 5.582324597485016E-4
172.5 172.5 8.618325694362832E-4
172.5 177.5 0.001175226231049477
177.5 2.5 0.005366866455125945
177.5 7.5 0.008921925804050613
177.5 12.5 0.015787205703764642
177.5 17.5 0.024327182982724176
177.5 22.5 0.036373251850981315
177.5 27.5 0.05324754181846672
177.5 32.5 0.07198260665178047
177.5 37.5 0.09996278450268344
177.5 42.5 0.1406060249931445
177.5 47.5 0.18035805225839308
177.5 52.5 0.26434755357072903
177.5 57.5 0.3805284600618952
177.5 62.5 0.538312375132213
177.5 67.5 0.703372899283112
177.5 72.5 0.845320640890038
177.5 77.5 0.9450483801465115
177.5 82.5 0.8999001057703608
177.5 87.5 0.7617914365181965
177.5 92.5 0.5504563795197243
177.5 97.5 0.339287812903984
177.5 102.5 0.16267089748109845
177.5 107.5 0.0601519959258824
177.5 112.5 0.020243271829827242
177.5 117.5 0.007021976730520625
177.5 122.5 0.003212285031535237
177.5 127.5 0.001361303717632311
177.5 132.5 8.030712578838093E-4
177.5 137.5 4.1132918086731694E-4
177.5 142.5 4.1132918086731694E-4
177.5 147.5 5.288518039722646E-4
177.5 152.5 8.128648098092216E-4
177.5 157.5 0.0010087358483174677
177.5 162.5 0.001361303717632311
177.5 167.5 0.001841187761977514
177.5 172.5 0.0026540525717867356
177.5 177.5 0.003868453010537862
182.5 2.5 0.01149762996043405
182.5 7.5 0.017109335213695304
182.5 12.5 0.023896266698006034
182.5 17.5 0.03228934069808438
182.5 22.5 0.0441591256316841
182.5 27.5 0.05917264073334117
182.5 32.5 0.07863242840913542
182.5 37.5 0.10495749598464371
182.5 42.5 0.14127198652407255
182.5 47.5 0.18910369412778627
182.5 52.5 0.281662553374858
182.5 57.5 0.39103694127786265
182.5 62.5 0.5333176636502527
182.5 67.5 0.6690758804403181
182.5 72.5 0.7817311082383359
182.5 77.5 0.852802914561053
182.5 82.5 0.8402769616484507
182.5 87.5 0.7616935009989423
182.5 92.5 0.6266893877071337
182.5 97.5 0.444323657304031
182.5 102.5 0.2650331022055079
182.5 107.5 0.10785638735456575
182.5 112.5 0.03818505895718259
182.5 117.5 0.014611979472715165
182.5 122.5 0.005680260116739139
182.5 127.5 0.003016413993026991
182.5 132.5 0.001615936067693031
182.5 137.5 0.001175226231049477
182.5 142.5 0.001175226231049477
182.5 147.5 0.001361303717632311
182.5 152.5 0.001772632898499628
182.5 157.5 0.002536529948681788
182.5 162.5 0.003584440004700905
182.5 167.5 0.004593175853018373
182.5 172.5 0.005739021428291613
182.5 177.5 0.008030712578838093
187.5 2.5 0.017207270732949427
187.5 7.5 0.021986524072550633
187.5 12.5 0.02732400987190034
187.5 17.5 0.0327006698789517
187.5 22.5 0.03879225917655815
187.5 27.5 0.04786108825948995
187.5 32.5 0.0648431072981549
187.5 37.5 0.08259881693892741
187.5 42.5 0.10499667019234536
187.5 47.5 0.14358326477846986
187.5 52.5 0.21469424530888861
187.5 57.5 0.3159987464253535
187.5 62.5 0.3968836917773338
187.5 67.5 0.5012241939906765
187.5 72.5 0.5890429741058487
187.5 77.5 0.6226544443138637
187.5 82.5 0.6442688134132487
187.5 87.5 0.6198534884631959
187.5 92.5 0.5487033337250754
187.5 97.5 0.42189642339483685
187.5 102.5 0.2849433932698711
187.5 107.5 0.13442629372820936
187.5 112.5 0.05481451012653269
187.5 117.5 0.02158498844360873
187.5 122.5 0.009764171269636072
187.5 127.5 0.005033885689661927
187.5 132.5 0.003535472245073843
187.5 137.5 0.0026540525717867356
187.5 142.5 0.0026834332275629726
187.5 147.5 0.003231872135386062
187.5 152.5 0.004025149841344459
187.5 157.5 0.005033885689661927
187.5 162.5 0.006904454107415678
187.5 167.5 0.008843577388647314
187.5 172.5 0.010577036079445294
187.5 177.5 0.013103772476201668
192.5 2.5 0.017745916088847104
192.5 7.5 0.02079171073765033
192.5 12.5 0.023533905276765778
192.5 17.5 0.025394680142594116
192.5 22.5 0.027098758177615857
192.5 27.5 0.030428565832256043
192.5 32.5 0.039477807811337015
192.5 37.5 0.053178986954988836
192.5 42.5 0.0665178046774004
192.5 47.5 0.0917459944372625
192.5 52.5 0.13850041132918087
192.5 57.5 0.19266854702863634
192.5 62.5 0.25442668547028635
192.5 67.5 0.31609668194460766
192.5 72.5 0.3591491362087202
192.5 77.5 0.4005073059897364
192.5 82.5 0.4275277157519489
192.5 87.5 0.4114564970423473
192.5 92.5 0.3529302307360834
192.5 97.5 0.2967250362361421
192.5 102.5 0.19611587730638147
192.5 107.5 0.10820895522388059
192.5 112.5 0.05230736083362714
192.5 117.5 0.02478747992321855
192.5 122.5 0.013436753241665687
192.5 127.5 0.007903396403807734
192.5 132.5 0.00521996317624476
192.5 137.5 0.004358130606808478
192.5 142.5 0.0044560661260626
192.5 147.5 0.00525913738394641
192.5 152.5 0.006777137932385317
192.5 157.5 0.009088416186782623
192.5 162.5 0.011615152583538998
192.5 167.5 0.013436753241665687
192.5 172.5 0.014327966466878207
192.5 177.5 0.01548360559407686
197.5 2.5 0.012947075645395071
197.5 7.5 0.014611979472715165
197.5 12.5 0.015454224938300622
197.5 17.5 0.01577741215183923
197.5 22.5 0.01638461237121479
197.5 27.5 0.017716535433070866
197.5 32.5 0.021105104399263525
197.5 37.5 0.02714772593724292
197.5 42.5 0.03583460649508364
197.5 47.5 0.05380577427821522
197.5 52.5 0.08213851999843304
197.5 57.5 0.11093156265914522
197.5 62.5 0.13692364946918947
197.5 67.5 0.16793003486504485
197.5 72.5 0.19245308888627727
197.5 77.5 0.21609472323422257
197.5 82.5 0.23373291025189016
197.5 87.5 0.21159948290045832
197.5 92.5 0.17634269596897403
197.5 97.5 0.1463254593175853
197.5 102.5 0.10994241391467857
197.5 107.5 0.06698789516982019
197.5 112.5 0.036559329337564145
197.5 117.5 0.02249578877267207
197.5 122.5 0.01502330865358248
197.5 127.5 0.009901280996591844
197.5 132.5 0.007227641320954284
197.5 137.5 0.005797782739844087
197.5 142.5 0.006042621537979394
197.5 147.5 0.007746699573001136
197.5 152.5 0.009783758373486896
197.5 157.5 0.012369256081795746
197.5 162.5 0.014856818270850471
197.5 167.5 0.015326908763270263
197.5 172.5 0.013946017941787127
197.5 177.5 0.012584714224154817
202.5 2.5 0.006728170172758256
202.5 7.5 0.007090531593998512
202.5 12.5 0.007139499353625573
202.5 17.5 0.007021976730520625
202.5 22.5 0.007315783288282995
202.5 27.5 0.00809926744231598
202.5 32.5 0.009881693892741019
202.5 37.5 0.0140831276687429
202.5 42.5 0.019606690954675442
202.5 47.5 0.02705958396991421
202.5 52.5 0.04084890508089474
202.5 57.5 0.05655776236925608
202.5 62.5 0.06947545735887492
202.5 67.5 0.08206017158302974
202.5 72.5 0.09502683433227563
202.5 77.5 0.10563325106749716
202.5 82.5 0.10249931445136522
202.5 87.5 0.08870019978845928
202.5 92.5 0.07993497081521526
202.5 97.5 0.07494025933325499
202.5 102.5 0.06030869275668899
202.5 107.5 0.03728405218004466
202.5 112.5 0.023945234457633094
202.5 117.5 0.017892819367728286
202.5 122.5 0.013211501547381203
202.5 127.5 0.01000901006777138
202.5 132.5 0.007981744819211031
202.5 137.5 0.006728170172758256
202.5 142.5 0.007198260665178047
202.5 147.5 0.008657499902064481
202.5 152.5 0.010782700669878952
202.5 157.5 0.012741411054961413
202.5 162.5 0.01366200493595017
202.5 167.5 0.012467191601049869
202.5 172.5 0.010165706898577976
202.5 177.5 0.00785442864418067
207.5 2.5 0.003545265796999256
207.5 7.5 0.003496298037372194
207.5 12.5 0.0034179496219688956
207.5 17.5 0.003271046343087711
207.5 22.5 0.0032906334469385355
207.5 27.5 0.0036627884201042033
207.5 32.5 0.004446272574137188
207.5 37.5 0.006111176401457281
207.5 42.5 0.009480158263799115
207.5 47.5 0.014690327888118462
207.5 52.5 0.021898382105221922
207.5 57.5 0.029243546049281154
207.5 62.5 0.03374857993497082
207.5 67.5 0.03765620715321032
207.5 72.5 0.045853410114780425
207.5 77.5 0.0516413993026991
207.5 82.5 0.047244094488188976
207.5 87.5 0.03941904649978454
207.5 92.5 0.034933599717945706
207.5 97.5 0.033719199279194575
207.5 102.5 0.027921416539350492
207.5 107.5 0.02014533631057312
207.5 112.5 0.015248560347866964
207.5 117.5 0.011742468758569357
207.5 122.5 0.009705409958083598
207.5 127.5 0.008344106240451286
207.5 132.5 0.007247228424805108
207.5 137.5 0.006365808751518
207.5 142.5 0.006777137932385317
207.5 147.5 0.008030712578838093
207.5 152.5 0.009274493673365455
207.5 157.5 0.010018803619696792
207.5 162.5 0.009646648646531124
207.5 167.5 0.00809926744231598
207.5 172.5 0.005739021428291613
207.5 177.5 0.004211227327927293
212.5 2.5 0.0016844909311709171
212.5 7.5 0.0015767618599913816
212.5 12.5 0.0014984134445880832
212.5 17.5 0.001390684373408548
212.5 22.5 0.001361303717632311
212.5 27.5 0.0014102714772593725
212.5 32.5 0.001841187761977514
212.5 37.5 0.0030947624084302896
212.5 42.5 0.00500450503388569
212.5 47.5 0.008089473890390567
212.5 52.5 0.013123359580052493
212.5 57.5 0.018421671171700554
212.5 62.5 0.020517491283738785
212.5 67.5 0.020742742978023268
212.5 72.5 0.022250949974536766
212.5 77.5 0.024248834567320875
212.5 82.5 0.022936498609315625
212.5 87.5 0.019743800681631216
212.5 92.5 0.01811807106201277
212.5 97.5 0.016306263955811494
212.5 102.5 0.013329024170486151
212.5 107.5 0.010577036079445294
212.5 112.5 0.008451835311630823
212.5 117.5 0.007247228424805108
212.5 122.5 0.006336428095741763
212.5 127.5 0.0060034473302777456
212.5 132.5 0.005670466564813727
212.5 137.5 0.005337485799349708
212.5 142.5 0.005582324597485016
212.5 147.5 0.00602303443412857
212.5 152.5 0.006424570063070474
212.5 157.5 0.006375602303443413
212.5 162.5 0.005699847220589964
212.5 167.5 0.004534414541465899
212.5 172.5 0.003271046343087711
212.5 177.5 0.002066439456261997
217.5 2.5 9.20593880988757E-4
217.5 7.5 8.520390175108709E-4
217.5 12.5 8.128648098092216E-4
217.5 17.5 6.561679790026247E-4
217.5 22.5 5.582324597485016E-4
217.5 27.5 7.736906021075724E-4
217.5 32.5 9.303874329141693E-4
217.5 37.5 0.0013808908214831355
217.5 42.5 0.002849923610294982
217.5 47.5 0.004534414541465899
217.5 52.5 0.00691424765934109
217.5 57.5 0.009891487444666431
217.5 62.5 0.01162494613546441
217.5 67.5 0.01213421083558585
217.5 72.5 0.012418223841422807
217.5 77.5 0.012966662749245897
217.5 82.5 0.012202765699063737
217.5 87.5 0.010410545696713285
217.5 92.5 0.008422454655854585
217.5 97.5 0.006992596074744388
217.5 102.5 0.006130763505308105
217.5 107.5 0.005533356837857955
217.5 112.5 0.004926156618482391
217.5 117.5 0.004612762956869197
217.5 122.5 0.004534414541465899
217.5 127.5 0.004465859677988013
217.5 132.5 0.004426685470286363
217.5 137.5 0.004387511262584715
217.5 142.5 0.004446272574137188
217.5 147.5 0.00449524033376425
217.5 152.5 0.0044560661260626
217.5 157.5 0.004142672464449407
217.5 162.5 0.003525678693148431
217.5 167.5 0.0025561170525326125
217.5 172.5 0.0015669683080659694
217.5 177.5 0.0011164649194970032
222.5 2.5 3.623614212402554E-4
222.5 7.5 2.448387981353077E-4
222.5 12.5 1.7628393465742156E-4
222.5 17.5 1.6649038273200924E-4
222.5 22.5 1.6649038273200924E-4
222.5 27.5 2.350452462098954E-4
222.5 32.5 4.309162847181416E-4
222.5 37.5 8.422454655854586E-4
222.5 42.5 0.0012633681983781877
222.5 47.5 0.002340658910173542
222.5 52.5 0.003652994868178791
222.5 57.5 0.004769459787675795
222.5 62.5 0.005787989187918674
222.5 67.5 0.006512712030399185
222.5 72.5 0.007305989736357582
222.5 77.5 0.007462686567164179
222.5 82.5 0.006581266893877071
222.5 87.5 0.005357072903200533
222.5 92.5 0.004250401535628942
222.5 97.5 0.003711756179731265
222.5 102.5 0.003643201316253379
222.5 107.5 0.003525678693148431
222.5 112.5 0.0033200141027147725
222.5 117.5 0.003300426998863948
222.5 122.5 0.003496298037372194
222.5 127.5 0.003584440004700905
222.5 132.5 0.003545265796999256
222.5 137.5 0.0035060915892976066
222.5 142.5 0.0034767109335213696
222.5 147.5 0.0032906334469385355
222.5 152.5 0.0030262075449524035
222.5 157.5 0.0025169428448309633
222.5 162.5 0.0018216006581266895
222.5 167.5 0.0012144004387511262
222.5 172.5 8.520390175108709E-4
222.5 177.5 4.602969404943785E-4
227.5 2.5 5.876131155247385E-5
227.5 7.5 4.8967759627061544E-5
227.5 12.5 3.9174207701649236E-5
227.5 17.5 4.8967759627061544E-5
227.5 22.5 5.876131155247385E-5
227.5 27.5 1.3710972695577233E-4
227.5 32.5 2.2525169428448308E-4
227.5 37.5 4.211227327927293E-4
227.5 42.5 8.128648098092216E-4
227.5 47.5 0.0011164649194970032
227.5 52.5 0.0016355231715438556
227.5 57.5 0.002389626669800603
227.5 62.5 0.003075175304579465
227.5 67.5 0.0036921690758804403
227.5 72.5 0.004064324049046108
227.5 77.5 0.00424060798370353
227.5 82.5 0.004015356289419046
227.5 87.5 0.003261252791162299
227.5 92.5 0.0025267363967563755
227.5 97.5 0.0022329298389940065
227.5 102.5 0.0022329298389940065
227.5 107.5 0.002360246014024366
227.5 112.5 0.0025169428448309633
227.5 117.5 0.002634465467935911
227.5 122.5 0.002751988091040859
227.5 127.5 0.002859717162220394
227.5 132.5 0.002859717162220394
227.5 137.5 0.002703020331413797
227.5 142.5 0.002477768637129314
227.5 147.5 0.0020762330081874093
227.5 152.5 0.001713871586947154
227.5 157.5 0.0013515101657068985
227.5 162.5 9.499745367649939E-4
227.5 167.5 5.288518039722646E-4
227.5 172.5 2.2525169428448308E-4
227.5 177.5 1.175226231049477E-4
232.5 2.5 1.9587103850824618E-5
232.5 7.5 1.9587103850824618E-5
232.5 12.5 2.9380655776236926E-5
232.5 17.5 3.9174207701649236E-5
232.5 22.5 4.8967759627061544E-5
232.5 27.5 7.834841540329847E-5
232.5 32.5 1.3710972695577233E-4
232.5 37.5 2.350452462098954E-4
232.5 42.5 4.211227327927293E-4
232.5 47.5 8.128648098092216E-4
232.5 52.5 0.00101852940024288
232.5 57.5 0.0012633681983781877
232.5 62.5 0.0015375876522897324
232.5 67.5 0.0018607748658283386
232.5 72.5 0.0022035491832177695
232.5 77.5 0.002409213773651428
232.5 82.5 0.0021937556312923573
232.5 87.5 0.001841187761977514
232.5 92.5 0.001615936067693031
232.5 97.5 0.0015963489638422064
232.5 102.5 0.001713871586947154
232.5 107.5 0.0018999490735299878
232.5 112.5 0.0021643749755161203
232.5 117.5 0.002399420221726016
232.5 122.5 0.002477768637129314
232.5 127.5 0.0024288008775022523
232.5 132.5 0.00229169115054648
232.5 137.5 0.002007678144709523
232.5 142.5 0.0016746973792455047
232.5 147.5 0.0013515101657068985
232.5 152.5 0.0010283229521682925
232.5 157.5 7.443099463313354E-4
232.5 162.5 2.7421945391154466E-4
232.5 167.5 1.175226231049477E-4
232.5 172.5 3.9174207701649236E-5
232.5 177.5 2.9380655776236926E-5
237.5 2.5 9.793551925412309E-6
237.5 7.5 1.9587103850824618E-5
237.5 12.5 1.9587103850824618E-5
237.5 17.5 3.9174207701649236E-5
237.5 22.5 4.8967759627061544E-5
237.5 27.5 7.834841540329847E-5
237.5 32.5 1.3710972695577233E-4
237.5 37.5 1.7628393465742156E-4
237.5 42.5 2.7421945391154466E-4
237.5 47.5 5.288518039722646E-4
237.5 52.5 8.618325694362832E-4
237.5 57.5 0.0010772907117953538
237.5 62.5 0.001175226231049477
237.5 67.5 0.0013417166137814863
237.5 72.5 0.0014494456849610217
237.5 77.5 0.0015082069965134954
237.5 82.5 0.0015375876522897324
237.5 87.5 0.0015082069965134954
237.5 92.5 0.0015375876522897324
237.5 97.5 0.001586555411916794
237.5 102.5 0.0016844909311709171
237.5 107.5 0.0018509813139029262
237.5 112.5 0.002027265248560348
237.5 117.5 0.0021643749755161203
237.5 122.5 0.0021349943197398833
237.5 127.5 0.001958710385082462
237.5 132.5 0.0016942844830963293
237.5 137.5 0.0014102714772593725
237.5 142.5 0.0011262584714224154
237.5 147.5 8.520390175108709E-4
237.5 152.5 4.700904924197908E-4
237.5 157.5 1.9587103850824617E-4
237.5 162.5 5.876131155247385E-5
237.5 167.5 2.9380655776236926E-5
237.5 172.5 1.9587103850824618E-5
237.5 177.5 9.793551925412309E-6
242.5 7.5 1.9587103850824618E-5
242.5 12.5 1.9587103850824618E-5
242.5 17.5 3.9174207701649236E-5
242.5 22.5 9.793551925412309E-5
242.5 27.5 1.6649038273200924E-4
242.5 32.5 1.9587103850824617E-4
242.5 37.5 2.2525169428448308E-4
242.5 42.5 2.9380655776236925E-4
242.5 47.5 5.288518039722646E-4
242.5 52.5 8.716261213616955E-4
242.5 57.5 0.0011164649194970032
242.5 62.5 0.0013123359580052493
242.5 67.5 0.0014102714772593725
242.5 72.5 0.0014494456849610217
242.5 77.5 0.0015082069965134954
242.5 82.5 0.0016061425157676186
242.5 87.5 0.0017334586907979785
242.5 92.5 0.0018705684177537508
242.5 97.5 0.0019097426254554002
242.5 102.5 0.0019195361773808124
242.5 107.5 0.0019195361773808124
242.5 112.5 0.001958710385082462
242.5 117.5 0.0019293297293062248
242.5 122.5 0.0018216006581266895
242.5 127.5 0.0015669683080659694
242.5 132.5 0.0012633681983781877
242.5 137.5 0.0010283229521682925
242.5 142.5 8.128648098092216E-4
242.5 147.5 4.211227327927293E-4
242.5 152.5 1.9587103850824617E-4
242.5 157.5 5.876131155247385E-5
242.5 162.5 3.9174207701649236E-5
242.5 167.5 1.9587103850824618E-5
247.5 2.5 1.9587103850824618E-5
247.5 7.5 2.9380655776236926E-5
247.5 12.5 4.8967759627061544E-5
247.5 17.5 1.5669683080659695E-4
247.5 22.5 3.623614212402554E-4
247.5 27.5 5.484389078230893E-4
247.5 32.5 6.267873232263878E-4
247.5 37.5 5.582324597485016E-4
247.5 42.5 6.65961530928037E-4
247.5 47.5 9.20593880988757E-4
247.5 52.5 0.001175226231049477
247.5 57.5 0.0014886198926626708
247.5 62.5 0.0018313942100521017
247.5 67.5 0.0020174716966349353
247.5 72.5 0.0020860265601128215
247.5 77.5 0.0022035491832177695
247.5 82.5 0.002389626669800603
247.5 87.5 0.0025854977083088495
247.5 92.5 0.0026834332275629726
247.5 97.5 0.002693226779488385
247.5 102.5 0.0026246719160104987
247.5 107.5 0.0024288008775022523
247.5 112.5 0.0021545814235907077
247.5 117.5 0.0019097426254554002
247.5 122.5 0.0016844909311709171
247.5 127.5 0.001390684373408548
247.5 132.5 0.0011164649194970032
247.5 137.5 8.618325694362832E-4
247.5 142.5 5.288518039722646E-4
247.5 147.5 2.448387981353077E-4
247.5 152.5 1.3710972695577233E-4
247.5 157.5 5.876131155247385E-5
247.5 162.5 3.9174207701649236E-5
247.5 167.5 1.9587103850824618E-5
247.5 172.5 1.9587103850824618E-5
247.5 177.5 1.9587103850824618E-5
252.5 2.5 3.9174207701649236E-5
252.5 7.5 5.876131155247385E-5
252.5 12.5 2.2525169428448308E-4
252.5 17.5 6.267873232263878E-4
252.5 22.5 0.0010381165040937047
252.5 27.5 0.0013221295099306617
252.5 32.5 0.001429858581110197
252.5 37.5 0.0014886198926626708
252.5 42.5 0.0016942844830963293
252.5 47.5 0.0021643749755161203
252.5 52.5 0.0027128138833392096
252.5 57.5 0.003261252791162299
252.5 62.5 0.003809691698985388
252.5 67.5 0.004064324049046108
252.5 72.5 0.003956594977866572
252.5 77.5 0.003878246562463274
252.5 82.5 0.004083911152896933
252.5 87.5 0.004172053120225643
252.5 92.5 0.003985975633642809
252.5 97.5 0.003878246562463274
252.5 102.5 0.003995769185568222
252.5 107.5 0.003878246562463274
252.5 112.5 0.003584440004700905
252.5 117.5 0.003261252791162299
252.5 122.5 0.0028401300583695693
252.5 127.5 0.002056645904336585
252.5 132.5 0.0014102714772593725
252.5 137.5 9.499745367649939E-4
252.5 142.5 5.386453558976769E-4
252.5 147.5 2.448387981353077E-4
252.5 152.5 1.5669683080659695E-4
252.5 157.5 9.793551925412309E-5
252.5 162.5 5.876131155247385E-5
252.5 167.5 5.876131155247385E-5
252.5 172.5 3.9174207701649236E-5
252.5 177.5 3.9174207701649236E-5
257.5 2.5 3.8194852509108006E-4
257.5 7.5 5.582324597485016E-4
257.5 12.5 0.0010283229521682925
257.5 17.5 0.0017040780350217417
257.5 22.5 0.0027128138833392096
257.5 27.5 0.0034179496219688956
257.5 32.5 0.0037803110432091513
257.5 37.5 0.004083911152896933
257.5 42.5 0.004465859677988013
257.5 47.5 0.005327692247424296
257.5 52.5 0.007119912249774749
257.5 57.5 0.008794609629020253
257.5 62.5 0.009764171269636072
257.5 67.5 0.009822932581188545
257.5 72.5 0.009303874329141693
257.5 77.5 0.009088416186782623
257.5 82.5 0.009186351706036745
257.5 87.5 0.008814196732871078
257.5 92.5 0.007756493124926548
257.5 97.5 0.007413718807537118
257.5 102.5 0.007697731813374075
257.5 107.5 0.007687938261448662
257.5 112.5 0.007629176949896188
257.5 117.5 0.006835899243937791
257.5 122.5 0.005709640772515376
257.5 127.5 0.004446272574137188
257.5 132.5 0.0032220785834606493
257.5 137.5 0.0018313942100521017
257.5 142.5 0.0010381165040937047
257.5 147.5 5.582324597485016E-4
257.5 152.5 3.623614212402554E-4
257.5 157.5 2.448387981353077E-4
257.5 162.5 2.448387981353077E-4
257.5 167.5 2.448387981353077E-4
257.5 172.5 2.448387981353077E-4
257.5 177.5 2.5463235006072E-4
262.5 2.5 0.0014788263407372586
262.5 7.5 0.0022721040466956556
262.5 12.5 0.0036627884201042033
262.5 17.5 0.004926156618482391
262.5 22.5 0.006434363614995887
262.5 27.5 0.008412661103929173
262.5 32.5 0.009235319465663807
262.5 37.5 0.009901280996591844
262.5 42.5 0.011438868648881577
262.5 47.5 0.015336702315195676
262.5 52.5 0.01977318133740745
262.5 57.5 0.022838563090061503
262.5 62.5 0.024013789321110982
262.5 67.5 0.024865828338621852
262.5 72.5 0.02528695107141458
262.5 77.5 0.02536529948681788
262.5 82.5 0.023974615113409332
262.5 87.5 0.021810240137893212
262.5 92.5 0.021222627022368473
262.5 97.5 0.02079171073765033
262.5 102.5 0.021095310847338112
262.5 107.5 0.020772123633799506
262.5 112.5 0.019743800681631216
262.5 117.5 0.018206213029341483
262.5 122.5 0.014837231166999648
262.5 127.5 0.009813139029263134
262.5 132.5 0.006120969953382693
262.5 137.5 0.004279782191405179
262.5 142.5 0.0027128138833392096
262.5 147.5 0.001615936067693031
262.5 152.5 0.0011654326791240648
262.5 157.5 9.499745367649939E-4
262.5 162.5 9.010067771379323E-4
262.5 167.5 9.010067771379323E-4
262.5 172.5 9.597680886904062E-4
262.5 177.5 0.0011654326791240648
267.5 2.5 0.004397304814510126
267.5 7.5 0.0063560151995925886
267.5 12.5 0.01031261017745916
267.5 17.5 0.014837231166999648
267.5 22.5 0.018470638931327613
267.5 27.5 0.021203039918517647
267.5 32.5 0.022094253143730168
267.5 37.5 0.022858150193912328
267.5 42.5 0.025512202765699064
267.5 47.5 0.03141771457672268
267.5 52.5 0.0404179887961766
267.5 57.5 0.04783170760371371
267.5 62.5 0.05531398127472872
267.5 67.5 0.06286480980922161
267.5 72.5 0.06499001057703607
267.5 77.5 0.06427508128648098
267.5 82.5 0.060249931445136524
267.5 87.5 0.057458769146394015
267.5 92.5 0.05855564696204019
267.5 97.5 0.05888862772750421
267.5 102.5 0.05590159439025346
267.5 107.5 0.05417792925138089
267.5 112.5 0.05347279351275121
267.5 117.5 0.04731264935166686
267.5 122.5 0.03317076037137149
267.5 127.5 0.02184941434559486
267.5 132.5 0.014837231166999648
267.5 137.5 0.009881693892741019
267.5 142.5 0.006414776511145062
267.5 147.5 0.004651937164570847
267.5 152.5 0.003623614212402554
267.5 157.5 0.002722607435264622
267.5 162.5 0.002350452462098954
267.5 167.5 0.0022721040466956556
267.5 172.5 0.0026834332275629726
267.5 177.5 0.0033983625181180713
272.5 2.5 0.01374035335135347
272.5 7.5 0.02149684647628002
272.5 12.5 0.029174991185803266
272.5 17.5 0.03513926430837936
272.5 22.5 0.040574685626983194
272.5 27.5 0.04329729306224782
272.5 32.5 0.04111333098288087
272.5 37.5 0.03880205272848357
272.5 42.5 0.040702001802013554
272.5 47.5 0.04928115328867474
272.5 52.5 0.06087671876836291
272.5 57.5 0.07427429780232694
272.5 62.5 0.09761233204058448
272.5 67.5 0.1257100325145924
272.5 72.5 0.13850041132918087
272.5 77.5 0.1431425549418263
272.5 82.5 0.14364202609002233
272.5 87.5 0.13744270772123635
272.5 92.5 0.13849061777725546
272.5 97.5 0.14029263133153133
272.5 102.5 0.13044031809456655
272.5 107.5 0.12108747600579778
272.5 112.5 0.12236063775610138
272.5 117.5 0.10864966506052415
272.5 122.5 0.0781329572609394
272.5 127.5 0.05045637951972421
272.5 132.5 0.03230892780193521
272.5 137.5 0.023357621342108358
272.5 142.5 0.016316057507736906
272.5 147.5 0.011037333019939671
272.5 152.5 0.008412661103929173
272.5 157.5 0.006865279899714028
272.5 162.5 0.006199318368785991
272.5 167.5 0.006679202413131195
272.5 172.5 0.007472480119089592
272.5 177.5 0.009029654875230149
277.5 2.5 0.04499157754534414
277.5 7.5 0.06521526227132056
277.5 12.5 0.07223723900184119
277.5 17.5 0.0710522192188663
277.5 22.5 0.06745798566223998
277.5 27.5 0.06232616445332393
277.5 32.5 0.053188780506914245
277.5 37.5 0.045158067928076154
277.5 42.5 0.04316997688721746
277.5 47.5 0.04866415951737376
277.5 52.5 0.05926078270066988
277.5 57.5 0.07815254436479022
277.5 62.5 0.11918752693226779
277.5 67.5 0.17577466995730012
277.5 72.5 0.24190073255768402
277.5 77.5 0.28903709797469346
277.5 82.5 0.304275864770635
277.5 87.5 0.2978121204998629
277.5 92.5 0.29093704704822343
277.5 97.5 0.2982136561288048
277.5 102.5 0.27550240921377367
277.5 107.5 0.2434089395541975
277.5 112.5 0.22963920554706782
277.5 117.5 0.19875034277431738
277.5 122.5 0.15562933364672699
277.5 127.5 0.11088259489951816
277.5 132.5 0.07306969091550124
277.5 137.5 0.04613742312061739
277.5 142.5 0.030565675559211816
277.5 147.5 0.023220511615152584
277.5 152.5 0.019998433031691933
277.5 157.5 0.018353116308222665
277.5 162.5 0.01946958122771967
277.5 167.5 0.022339091941865476
277.5 172.5 0.02690288713910761
277.5 177.5 0.030516707799584753
282.5 2.5 0.09702471892505975
282.5 7.5 0.1166412034316606
282.5 12.5 0.10545696713283974
282.5 17.5 0.08262819759470365
282.5 22.5 0.06546989462138128
282.5 27.5 0.052042934931641006
282.5 32.5 0.039477807811337015
282.5 37.5 0.03151565009597681
282.5 42.5 0.028861597524190073
282.5 47.5 0.031486269440200575
282.5 52.5 0.03868453010537862
282.5 57.5 0.05694950444627257
282.5 62.5 0.09947310690641281
282.5 67.5 0.18719395150233087
282.5 72.5 0.32209033572296003
282.5 77.5 0.42657774121518394
282.5 82.5 0.5014886198926627
282.5 87.5 0.5032612527911623
282.5 92.5 0.4877286794374584
282.5 97.5 0.4845653621655502
282.5 102.5 0.447173580914326
282.5 107.5 0.4237278176048889
282.5 112.5 0.3716555020174717
282.5 117.5 0.310759196145258
282.5 122.5 0.2624769851529753
282.5 127.5 0.1871351901907784
282.5 132.5 0.12869706585184315
282.5 137.5 0.08311787519097426
282.5 142.5 0.05855564696204019
282.5 147.5 0.050475966623575036
282.5 152.5 0.048634778861597526
282.5 157.5 0.04897755317898696
282.5 162.5 0.0552160457554746
282.5 167.5 0.07213930348258707
282.5 172.5 0.08447917890860657
282.5 177.5 0.08326477846985544
287.5 2.5 0.1144964155599953
287.5 7.5 0.10856152309319544
287.5 12.5 0.08111999059819015
287.5 17.5 0.05320836761076507
287.5 22.5 0.03470834802366122
287.5 27.5 0.025061699377130098
287.5 32.5 0.019616484506600855
287.5 37.5 0.015894934774944178
287.5 42.5 0.014396521330356094
287.5 47.5 0.0164727543385435
287.5 52.5 0.020586046147216673
287.5 57.5 0.029547146158968935
287.5 62.5 0.06616523680808556
287.5 67.5 0.16824342852665805
287.5 72.5 0.3571806322717123
287.5 77.5 0.5526011673913895
287.5 82.5 0.6902887139107612
287.5 87.5 0.7549947114819603
287.5 92.5 0.7443687076428879
287.5 97.5 0.7171818074979434
287.5 102.5 0.6642378657891644
287.5 107.5 0.6162494613546441
287.5 112.5 0.5192541230853606
287.5 117.5 0.4027500293806558
287.5 122.5 0.33970893563677673
287.5 127.5 0.278146668233635
287.5 132.5 0.19458808320601717
287.5 137.5 0.1392447212755122
287.5 142.5 0.11246915031143495
287.5 147.5 0.10796411642574529
287.5 152.5 0.11098053041877227
287.5 157.5 0.11844321698593646
287.5 162.5 0.13288870607591963
287.5 167.5 0.15996787714968463
287.5 172.5 0.16570689857797627
287.5 177.5 0.13273200924511303
292.5 2.5 0.07232538096916989
292.5 7.5 0.054481529361068676
292.5 12.5 0.03368981862341834
292.5 17.5 0.01926391663728601
292.5 22.5 0.011194029850746268
292.5 27.5 0.007413718807537118
292.5 32.5 0.005778195635993262
292.5 37.5 0.005122027656990638
292.5 42.5 0.005092647001214401
292.5 47.5 0.006013240882203157
292.5 52.5 0.007981744819211031
292.5 57.5 0.012290907666392447
292.5 62.5 0.03298468288478865
292.5 67.5 0.11764014572805265
292.5 72.5 0.3174188114545383
292.5 77.5 0.5979551063579739
292.5 82.5 0.8683452814666823
292.5 87.5 0.9618345281466683
292.5 92.5 0.9699631762447605
292.5 97.5 0.9492498139225134
292.5 102.5 0.8550162572961962
292.5 107.5 0.7574724801190896
292.5 112.5 0.6548556430446194
292.5 117.5 0.49916754808633995
292.5 122.5 0.4070983664355388
292.5 127.5 0.3245583108081639
292.5 132.5 0.2660516316057508
292.5 137.5 0.20896501743252244
292.5 142.5 0.185225447565323
292.5 147.5 0.18541152505190583
292.5 152.5 0.19647823872762174
292.5 157.5 0.21329376738355466
292.5 162.5 0.22832686958906256
292.5 167.5 0.2253398362518118
292.5 172.5 0.17859521291181885
292.5 177.5 0.11384024758099268
297.5 2.5 0.026442590198613232
297.5 7.5 0.01723665138872566
297.5 12.5 0.009186351706036745
297.5 17.5 0.004544208093391311
297.5 22.5 0.002409213773651428
297.5 27.5 0.001459239236886434
297.5 32.5 0.001390684373408548
297.5 37.5 0.001429858581110197
297.5 42.5 0.0015375876522897324
297.5 47.5 0.0018901555216045756
297.5 52.5 0.002663846123712148
297.5 57.5 0.004602969404943785
297.5 62.5 0.01637481881928938
297.5 67.5 0.06255141614760841
297.5 72.5 0.21892505974066676
297.5 77.5 0.5106455909429232
297.5 82.5 0.8088690406236534
297.5 87.5 0.9741646100207624
297.5 92.5 1.0
297.5 97.5 0.997600579778274
297.5 102.5 0.9421494887765894
297.5 107.5 0.8313256551886238
297.5 112.5 0.7096701531711521
297.5 117.5 0.5712970580170016
297.5 122.5 0.43607748658283385
297.5 127.5 0.32929838994006344
297.5 132.5 0.2749147960982489
297.5 137.5 0.25591530536294904
297.5 142.5 0.25146903278881183
297.5 147.5 0.26420065029184786
297.5 152.5 0.2795471461589689
297.5 157.5 0.28210326321150153
297.5 162.5 0.24988247737689506
297.5 167.5 0.1817193559760254
297.5 172.5 0.11125474987268383
297.5 177.5 0.053178986954988836
302.5 2.5 0.006434363614995887
302.5 7.5 0.003535472245073843
302.5 12.5 0.0014984134445880832
302.5 17.5 7.443099463313354E-4
302.5 22.5 1.9587103850824617E-4
302.5 27.5 5.876131155247385E-5
302.5 32.5 8.814196732871078E-5
302.5 37.5 1.6649038273200924E-4
302.5 42.5 2.2525169428448308E-4
302.5 47.5 3.623614212402554E-4
302.5 52.5 8.128648098092216E-4
302.5 57.5 0.0018509813139029262
302.5 62.5 0.007198260665178047
302.5 67.5 0.029429623535863987
302.5 72.5 0.12188075371175618
302.5 77.5 0.3281329572609394
302.5 82.5 0.5823441845888667
302.5 87.5 0.7558957182590982
302.5 92.5 0.8503643201316253
302.5 97.5 0.8621067888901947
302.5 102.5 0.8048634778861598
302.5 107.5 0.7303443412856975
302.5 112.5 0.6314098797351824
302.5 117.5 0.5180397226466095
302.5 122.5 0.41028127081129784
302.5 127.5 0.31662553374857993
302.5 132.5 0.23641634347945312
302.5 137.5 0.22107964116425746
302.5 142.5 0.22782739844086652
302.5 147.5 0.24588670819132682
302.5 152.5 0.2422826810827751
302.5 157.5 0.20404865436596545
302.5 162.5 0.14516982019038666
302.5 167.5 0.08689818623418341
302.5 172.5 0.04060406628275943
302.5 177.5 0.017256238492576487
307.5 2.5 0.0012144004387511262
307.5 7.5 2.8401300583695695E-4
307.5 12.5 4.8967759627061544E-5
307.5 17.5 1.9587103850824618E-5
307.5 22.5 9.793551925412309E-6
307.5 37.5 9.793551925412309E-6
307.5 42.5 1.9587103850824618E-5
307.5 47.5 3.9174207701649236E-5
307.5 52.5 7.834841540329847E-5
307.5 57.5 6.365808751518001E-4
307.5 62.5 0.002889097817996631
307.5 67.5 0.012339875426019508
307.5 72.5 0.05247385121635915
307.5 77.5 0.15105574489755944
307.5 82.5 0.29937908880792885
307.5 87.5 0.39046891526618877
307.5 92.5 0.467387472088377
307.5 97.5 0.5033298076546402
307.5 102.5 0.5246601637481882
307.5 107.5 0.5155717475614056
307.5 112.5 0.4633231480393309
307.5 117.5 0.3963352528695107
307.5 122.5 0.318907431347201
307.5 127.5 0.23794413757981744
307.5 132.5 0.1657460727856779
307.5 137.5 0.14629607866180908
307.5 142.5 0.13910761154855644
307.5 147.5 0.13281035766051633
307.5 152.5 0.11223410506522506
307.5 157.5 0.08072824852117366
307.5 162.5 0.04914404356171896
307.5 167.5 0.023974615113409332
307.5 172.5 0.010204881106279625
307.5 177.5 0.004034943393269871
312.5 2.5 1.9587103850824618E-5
312.5 7.5 9.793551925412309E-6
312.5 52.5 2.9380655776236926E-5
312.5 57.5 1.9587103850824617E-4
312.5 62.5 0.0012535746464527756
312.5 67.5 0.005347279351275121
312.5 72.5 0.021477259372429194
312.5 77.5 0.05660673012888314
312.5 82.5 0.09724997061934422
312.5 87.5 0.11915814627649156
312.5 92.5 0.1478434598660242
312.5 97.5 0.18086731695851452
312.5 102.5 0.2322540839111529
312.5 107.5 0.27640341599091156
312.5 112.5 0.27261331139577705
312.5 117.5 0.24091158381321737
312.5 122.5 0.19097426254554
312.5 127.5 0.13396599678771498
312.5 132.5 0.09153053629490343
312.5 137.5 0.07430367845810318
312.5 142.5 0.06183648685705331
312.5 147.5 0.048546636894268816
312.5 152.5 0.03248521173659263
312.5 157.5 0.020517491283738785
312.5 162.5 0.011732675206643946
312.5 167.5 0.005082853449288988
312.5 172.5 0.001772632898499628
312.5 177.5 2.448387981353077E-4
317.5 52.5 1.9587103850824618E-5
317.5 57.5 6.855486347788617E-5
317.5 62.5 8.324519136600463E-4
317.5 67.5 0.002849923610294982
317.5 72.5 0.008353899792376699
317.5 77.5 0.018774239041015394
317.5 82.5 0.02631527402358287
317.5 87.5 0.030271869001449445
317.5 92.5 0.04037881458847495
317.5 97.5 0.05739021428291613
317.5 102.5 0.07854428644180672
317.5 107.5 0.0960355701805931
317.5 112.5 0.10122615270106163
317.5 117.5 0.10372350844204176
317.5 122.5 0.08923884514435695
317.5 127.5 0.06288439691307243
317.5 132.5 0.0409762212559251
317.5 137.5 0.029547146158968935
317.5 142.5 0.02201590472832687
317.5 147.5 0.016394405923140204
317.5 152.5 0.00933325498491793
317.5 157.5 0.004886982410780742
317.5 162.5 0.0025757041563834373
317.5 167.5 0.0010870842637207662
317.5 172.5 1.3710972695577233E-4
317.5 177.5 9.793551925412309E-6
322.5 57.5 2.9380655776236926E-5
322.5 62.5 2.7421945391154466E-4
322.5 67.5 0.0011556391271986524
322.5 72.5 0.0029576526814745173
322.5 77.5 0.005337485799349708
322.5 82.5 0.007834841540329847
322.5 87.5 0.009881693892741019
322.5 92.5 0.012663062639558116
322.5 97.5 0.018274767892819368
322.5 102.5 0.024072550632663454
322.5 107.5 0.027715751948916834
322.5 112.5 0.031711521134485054
322.5 117.5 0.03558976769694833
322.5 122.5 0.033454773377208445
322.5 127.5 0.02519880910408587
322.5 132.5 0.01700160614251577
322.5 137.5 0.010626003839072355
322.5 142.5 0.006894660555490265
322.5 147.5 0.004436479022211776
322.5 152.5 0.0024288008775022523
322.5 157.5 0.0011262584714224154
322.5 162.5 5.0926470012144E-4
322.5 167.5 5.876131155247385E-5
322.5 172.5 1.9587103850824618E-5
327.5 62.5 3.9174207701649236E-5
327.5 67.5 3.623614212402554E-4
327.5 72.5 9.597680886904062E-4
327.5 77.5 0.001615936067693031
327.5 82.5 0.002693226779488385
327.5 87.5 0.0036725819720296155
327.5 92.5 0.004769459787675795
327.5 97.5 0.00602303443412857
327.5 102.5 0.007922983507658557
327.5 107.5 0.00933325498491793
327.5 112.5 0.011350726681552866
327.5 117.5 0.012339875426019508
327.5 122.5 0.011311552473851216
327.5 127.5 0.00809926744231598
327.5 132.5 0.004789046891526619
327.5 137.5 0.0031241430642065266
327.5 142.5 0.0016649038273200926
327.5 147.5 0.0010087358483174677
327.5 152.5 3.9174207701649235E-4
327.5 157.5 7.834841540329847E-5
327.5 162.5 1.9587103850824618E-5
327.5 167.5 9.793551925412309E-6
332.5 62.5 9.793551925412309E-6
332.5 67.5 3.9174207701649236E-5
332.5 72.5 1.5669683080659695E-4
332.5 77.5 4.211227327927293E-4
332.5 82.5 8.716261213616955E-4
332.5 87.5 0.0012633681983781877
332.5 92.5 0.0018509813139029262
332.5 97.5 0.002703020331413797
332.5 102.5 0.0034473302777451326
332.5 107.5 0.003809691698985388
332.5 112.5 0.003927214322090335
332.5 117.5 0.0037019626278058525
332.5 122.5 0.0030360010968778156
332.5 127.5 0.0018216006581266895
332.5 132.5 0.0010381165040937047
332.5 137.5 5.582324597485016E-4
332.5 142.5 3.133936616131939E-4
332.5 147.5 1.175226231049477E-4
332.5 152.5 3.9174207701649236E-5
332.5 157.5 1.9587103850824618E-5
337.5 67.5 1.9587103850824618E-5
337.5 72.5 3.9174207701649236E-5
337.5 77.5 5.876131155247385E-5
337.5 82.5 1.7628393465742156E-4
337.5 87.5 4.309162847181416E-4
337.5 92.5 8.520390175108709E-4
337.5 97.5 0.0010381165040937047
337.5 102.5 0.001175226231049477
337.5 107.5 0.001175226231049477
337.5 112.5 0.0010381165040937047
337.5 117.5 8.716261213616955E-4
337.5 122.5 5.582324597485016E-4
337.5 127.5 2.7421945391154466E-4
337.5 132.5 1.175226231049477E-4
337.5 137.5 4.8967759627061544E-5
337.5 142.5 3.9174207701649236E-5
337.5 147.5 1.9587103850824618E-5
342.5 72.5 1.9587103850824618E-5
342.5 77.5 2.9380655776236926E-5
342.5 82.5 3.9174207701649236E-5
342.5 87.5 5.876131155247385E-5
342.5 92.5 1.4690327888118462E-4
342.5 97.5 2.2525169428448308E-4
342.5 102.5 2.7421945391154466E-4
342.5 107.5 2.448387981353077E-4
342.5 112.5 1.6649038273200924E-4
342.5 117.5 5.876131155247385E-5
342.5 122.5 3.9174207701649236E-5
342.5 127.5 1.9587103850824618E-5
342.5 132.5 1.9587103850824618E-5
347.5 72.5 1.9587103850824618E-5
347.5 77.5 1.9587103850824618E-5
347.5 82.5 2.9380655776236926E-5
347.5 87.5 3.9174207701649236E-5
347.5 92.5 3.9174207701649236E-5
347.5 97.5 3.9174207701649236E-5
347.5 102.5 3.9174207701649236E-5
347.5 107.5 3.9174207701649236E-5
347.5 112.5 2.9380655776236926E-5
347.5 117.5 1.9587103850824618E-5
347.5 122.5 9.793551925412309E-6
352.5 67.5 9.793551925412309E-6
352.5 72.5 1.9587103850824618E-5
352.5 77.5 1.9587103850824618E-5
352.5 82.5 2.9380655776236926E-5
352.5 87.5 1.9587103850824618E-5
352.5 92.5 1.9587103850824618E-5
352.5 97.5 1.9587103850824618E-5
352.5 102.5 1.9587103850824618E-5
352.5 107.5 9.793551925412309E-6
357.5 62.5 1.9587103850824618E-5
357.5 67.5 1.9587103850824618E-5
357.5 72.5 1.9587103850824618E-5
357.5 77.5 1.9587103850824618E-5
357.5 82.5 1.9587103850824618E-5
357.5 87.5 1.9587103850824618E-5
357.5 92.5 1.9587103850824618E-5
357.5 97.5 1.9587103850824618E-5
