# Table name/description: "Top8000 Pro"
# Number of dimensions: 1
# For each dimension, 1 to 1: lower_bound  upper_bound  number_of_bins  wrapping
#   x1: 0.0 360.0 360 true
# List of table coordinates and values. (Value is last number on each line.)
0.5 0.011154822118905295
1.5 0.00919634189955551
2.5 0.005773259081387626
3.5 0.003593385445937431
4.5 0.013504998382125035
5.5 0.02040225480679167
6.5 0.023093036325550504
7.5 0.02626066520206407
8.5 0.0357124610432739
9.5 0.043393109555680445
10.5 0.0483659462865512
11.5 0.06095131047872069
12.5 0.06580493537015276
13.5 0.08079156661387285
14.5 0.08981760588565882
15.5 0.10582605289599618
16.5 0.12103407755581669
17.5 0.15265927553262146
18.5 0.18016314991740323
19.5 0.2051124848856418
20.5 0.25581157717263575
21.5 0.3115175667160544
22.5 0.357873941994925
23.5 0.40535431461707455
24.5 0.44305931640525215
25.5 0.5256731211362591
26.5 0.6077249271956267
27.5 0.7292017915836442
28.5 0.7807353667467088
29.5 0.6922801818832065
30.5 0.8273642262300107
31.5 0.6301026924845451
32.5 0.5473185851257685
33.5 0.4547250464074661
34.5 0.33880004768473576
35.5 0.2806246700386587
36.5 0.2262470409918425
37.5 0.16284337267324034
38.5 0.12554709719170967
39.5 0.07867981402953048
40.5 0.04119620565745329
41.5 0.00868543401624687
42.5 0.0016349052265876463
43.5 8.515131388477324E-4
44.5 4.087263066469116E-4
45.5 1.703026277695465E-4
46.5 3.40605255539093E-5
47.5 1.703026277695465E-5
315.5 1.703026277695465E-5
316.5 1.703026277695465E-5
317.5 5.109078833086395E-5
318.5 1.362421022156372E-4
319.5 3.235749927621383E-4
320.5 7.152710366320952E-4
321.5 0.0015667841754798276
322.5 0.00630119722747322
323.5 0.06602632878625317
324.5 0.11030501200633526
325.5 0.2023706125785521
326.5 0.3089800575622882
327.5 0.4623716343943187
328.5 0.6126126126126126
329.5 0.9116129361876054
330.5 0.8591597268345851
331.5 0.9602343364158109
332.5 0.9999659394744461
333.5 0.8669425569236533
334.5 0.8279432551644272
335.5 0.6720311994414074
336.5 0.5105332175275464
337.5 0.5533813586743643
338.5 0.375142628450757
339.5 0.3426659173351045
340.5 0.2682606992625896
341.5 0.2278308554300993
342.5 0.19845365213985253
343.5 0.1632691292426642
344.5 0.12585364192169485
345.5 0.14009094160322894
346.5 0.10579199237044228
347.5 0.09370050579880447
348.5 0.07748769563514366
349.5 0.06846165636335769
350.5 0.05657453294504334
351.5 0.04289923193514876
352.5 0.05252133040412814
353.5 0.03659803470767554
354.5 0.03227234796232906
355.5 0.021407040310631995
356.5 0.031012108516834416
357.5 0.015855174645344777
358.5 0.018767349580204023
359.5 0.012960029973262488
