# Table name/description: "Top8000 Ile"
# Number of dimensions: 2
# For each dimension, 1 to 2: lower_bound  upper_bound  number_of_bins  wrapping
#   x1: 0.0 360.0 72 true
#   x2: 0.0 360.0 72 true
# List of table coordinates and values. (Value is last number on each line.)
17.5 162.5 5.6496377169813986E-5
17.5 167.5 5.6496377169813986E-5
17.5 172.5 9.886866004717447E-5
17.5 177.5 9.886866004717447E-5
17.5 182.5 5.6496377169813986E-5
17.5 187.5 5.6496377169813986E-5
17.5 192.5 1.4124094292453496E-5
22.5 57.5 5.6496377169813986E-5
22.5 62.5 9.886866004717447E-5
22.5 67.5 9.886866004717447E-5
22.5 72.5 9.886866004717447E-5
22.5 77.5 9.886866004717447E-5
22.5 82.5 5.6496377169813986E-5
22.5 87.5 5.6496377169813986E-5
22.5 92.5 4.237228287736049E-5
22.5 97.5 2.8248188584906993E-5
22.5 152.5 1.4124094292453496E-5
22.5 157.5 9.886866004717447E-5
22.5 162.5 9.886866004717447E-5
22.5 167.5 1.8361322580189544E-4
22.5 172.5 1.8361322580189544E-4
22.5 177.5 1.5536503721698847E-4
22.5 182.5 9.886866004717447E-5
22.5 187.5 9.886866004717447E-5
22.5 192.5 5.6496377169813986E-5
22.5 197.5 4.237228287736049E-5
27.5 52.5 9.886866004717447E-5
27.5 57.5 2.2598550867925594E-4
27.5 62.5 2.8248188584906994E-4
27.5 67.5 3.1073007443397694E-4
27.5 72.5 2.8248188584906994E-4
27.5 77.5 2.5423369726416294E-4
27.5 82.5 2.1186141438680244E-4
27.5 87.5 1.2711684863208147E-4
27.5 92.5 9.886866004717447E-5
27.5 97.5 9.886866004717447E-5
27.5 102.5 9.886866004717447E-5
27.5 107.5 7.062047146226749E-5
27.5 112.5 5.6496377169813986E-5
27.5 117.5 4.237228287736049E-5
27.5 122.5 1.4124094292453496E-5
27.5 127.5 2.8248188584906993E-5
27.5 132.5 4.237228287736049E-5
27.5 137.5 4.237228287736049E-5
27.5 142.5 2.8248188584906993E-5
27.5 147.5 5.6496377169813986E-5
27.5 152.5 9.886866004717447E-5
27.5 157.5 2.5423369726416294E-4
27.5 162.5 3.531023573113374E-4
27.5 167.5 4.6609511165096536E-4
27.5 172.5 4.6609511165096536E-4
27.5 177.5 3.1073007443397694E-4
27.5 182.5 2.2598550867925594E-4
27.5 187.5 1.4124094292453497E-4
27.5 192.5 9.886866004717447E-5
27.5 197.5 5.6496377169813986E-5
27.5 202.5 1.4124094292453496E-5
32.5 47.5 1.5536503721698847E-4
32.5 52.5 3.672264516037909E-4
32.5 57.5 7.909492803773958E-4
32.5 62.5 0.0011299275433962798
32.5 67.5 0.001257044392028361
32.5 72.5 0.0012287962034434542
32.5 77.5 0.0010028106947641982
32.5 82.5 7.344529032075818E-4
32.5 87.5 4.095987344811514E-4
32.5 92.5 2.5423369726416294E-4
32.5 97.5 1.9773732009434894E-4
32.5 102.5 1.8361322580189544E-4
32.5 107.5 1.2711684863208147E-4
32.5 112.5 9.886866004717447E-5
32.5 117.5 9.886866004717447E-5
32.5 122.5 9.886866004717447E-5
32.5 127.5 9.886866004717447E-5
32.5 132.5 9.886866004717447E-5
32.5 137.5 9.886866004717447E-5
32.5 142.5 9.886866004717447E-5
32.5 147.5 2.1186141438680244E-4
32.5 152.5 4.519710173585119E-4
32.5 157.5 8.756938461321168E-4
32.5 162.5 0.0013135407691981752
32.5 167.5 0.001709015409386873
32.5 172.5 0.0016242708436321521
32.5 177.5 0.0011864239205660937
32.5 182.5 7.062047146226748E-4
32.5 187.5 2.5423369726416294E-4
32.5 192.5 9.886866004717447E-5
32.5 197.5 5.6496377169813986E-5
32.5 202.5 4.237228287736049E-5
32.5 262.5 4.237228287736049E-5
32.5 267.5 5.6496377169813986E-5
32.5 272.5 5.6496377169813986E-5
32.5 277.5 5.6496377169813986E-5
32.5 282.5 5.6496377169813986E-5
32.5 287.5 1.4124094292453496E-5
37.5 42.5 9.886866004717447E-5
37.5 47.5 3.1073007443397694E-4
37.5 52.5 0.0010028106947641982
37.5 57.5 0.001793759975141594
37.5 62.5 0.002838942952783153
37.5 67.5 0.0032626657815567578
37.5 72.5 0.0032344175929718507
37.5 77.5 0.002768322481320885
37.5 82.5 0.0018643804466038614
37.5 87.5 0.0012711684863208146
37.5 92.5 7.909492803773958E-4
37.5 97.5 4.237228287736049E-4
37.5 102.5 2.5423369726416294E-4
37.5 107.5 2.4010960297170944E-4
37.5 112.5 2.2598550867925594E-4
37.5 117.5 2.1186141438680244E-4
37.5 122.5 2.2598550867925594E-4
37.5 127.5 2.5423369726416294E-4
37.5 132.5 2.5423369726416294E-4
37.5 137.5 2.8248188584906994E-4
37.5 142.5 4.378469230660584E-4
37.5 147.5 7.909492803773958E-4
37.5 152.5 0.001483029900707617
37.5 157.5 0.002768322481320885
37.5 162.5 0.004265476476320956
37.5 167.5 0.005988615980000282
37.5 172.5 0.006327594243019166
37.5 177.5 0.004576206550754933
37.5 182.5 0.002358723746839734
37.5 187.5 8.333215632547562E-4
37.5 192.5 2.5423369726416294E-4
37.5 197.5 9.886866004717447E-5
37.5 202.5 5.6496377169813986E-5
37.5 207.5 1.4124094292453496E-5
37.5 257.5 5.6496377169813986E-5
37.5 262.5 5.6496377169813986E-5
37.5 267.5 9.886866004717447E-5
37.5 272.5 9.886866004717447E-5
37.5 277.5 9.886866004717447E-5
37.5 282.5 9.886866004717447E-5
37.5 287.5 7.062047146226749E-5
37.5 292.5 5.6496377169813986E-5
42.5 42.5 1.9773732009434894E-4
42.5 47.5 7.344529032075818E-4
42.5 52.5 0.001765511786556687
42.5 57.5 0.0032344175929718507
42.5 62.5 0.004745695682264375
42.5 67.5 0.005819126848490841
42.5 72.5 0.0060309882628776425
42.5 77.5 0.005268287171085154
42.5 82.5 0.0042231041934435954
42.5 87.5 0.0032344175929718507
42.5 92.5 0.0019491250123585826
42.5 97.5 0.0011581757319811866
42.5 102.5 7.344529032075818E-4
42.5 107.5 4.943433002358724E-4
42.5 112.5 4.378469230660584E-4
42.5 117.5 3.954746401886979E-4
42.5 122.5 4.519710173585119E-4
42.5 127.5 6.638324317453144E-4
42.5 132.5 7.909492803773958E-4
42.5 137.5 0.0010451829776415588
42.5 142.5 0.001567774466462338
42.5 147.5 0.002669453821273711
42.5 152.5 0.004590330645047386
42.5 157.5 0.010296464739198598
42.5 162.5 0.01752800101693479
42.5 167.5 0.022358441264953885
42.5 172.5 0.02197709071905764
42.5 177.5 0.017683366054151776
42.5 182.5 0.010155223796274064
42.5 187.5 0.003220293498679397
42.5 192.5 0.0010028106947641982
42.5 197.5 2.8248188584906994E-4
42.5 202.5 1.9773732009434894E-4
42.5 207.5 9.886866004717447E-5
42.5 212.5 4.237228287736049E-5
42.5 252.5 5.6496377169813986E-5
42.5 257.5 9.886866004717447E-5
42.5 262.5 9.886866004717447E-5
42.5 267.5 1.1299275433962797E-4
42.5 272.5 1.8361322580189544E-4
42.5 277.5 1.8361322580189544E-4
42.5 282.5 1.5536503721698847E-4
42.5 287.5 9.886866004717447E-5
42.5 292.5 9.886866004717447E-5
42.5 297.5 5.6496377169813986E-5
47.5 37.5 5.6496377169813986E-5
47.5 42.5 2.5423369726416294E-4
47.5 47.5 9.463143175943842E-4
47.5 52.5 0.0023304755582548267
47.5 57.5 0.004166607816273781
47.5 62.5 0.0064829592802361545
47.5 67.5 0.00831909153825511
47.5 72.5 0.009307778138726854
47.5 77.5 0.009095916724340052
47.5 82.5 0.008177850595330575
47.5 87.5 0.006807813448962585
47.5 92.5 0.004773943870849282
47.5 97.5 0.003163797121509583
47.5 102.5 0.0017796358808491405
47.5 107.5 0.0012146721091510007
47.5 112.5 9.886866004717447E-4
47.5 117.5 8.756938461321168E-4
47.5 122.5 9.886866004717447E-4
47.5 127.5 0.0012005480148585472
47.5 132.5 0.0017231395036793266
47.5 137.5 0.002669453821273711
47.5 142.5 0.003841753647547351
47.5 147.5 0.007415149503538086
47.5 152.5 0.015931978361887544
47.5 157.5 0.025861216649482353
47.5 162.5 0.045069984887219104
47.5 167.5 0.06279572322424824
47.5 172.5 0.06333243880736147
47.5 177.5 0.04622816061920029
47.5 182.5 0.025423369726416293
47.5 187.5 0.011002669453821274
47.5 192.5 0.00319204531009449
47.5 197.5 0.0011581757319811866
47.5 202.5 5.790878659905933E-4
47.5 207.5 2.5423369726416294E-4
47.5 212.5 9.886866004717447E-5
47.5 217.5 4.237228287736049E-5
47.5 247.5 5.6496377169813986E-5
47.5 252.5 7.062047146226749E-5
47.5 257.5 9.886866004717447E-5
47.5 262.5 1.8361322580189544E-4
47.5 267.5 1.9773732009434894E-4
47.5 272.5 2.1186141438680244E-4
47.5 277.5 2.2598550867925594E-4
47.5 282.5 2.2598550867925594E-4
47.5 287.5 2.1186141438680244E-4
47.5 292.5 1.8361322580189544E-4
47.5 297.5 1.1299275433962797E-4
47.5 302.5 9.886866004717447E-5
47.5 307.5 4.237228287736049E-5
52.5 37.5 5.6496377169813986E-5
52.5 42.5 2.5423369726416294E-4
52.5 47.5 9.321902233019307E-4
52.5 52.5 0.0023304755582548267
52.5 57.5 0.004180731910566235
52.5 62.5 0.00658182794028333
52.5 67.5 0.008841683027075888
52.5 72.5 0.01062131890792503
52.5 77.5 0.011539385036934507
52.5 82.5 0.012259713845849635
52.5 87.5 0.012146721091510007
52.5 92.5 0.010437705682123134
52.5 97.5 0.006793689354670132
52.5 102.5 0.003926498213302072
52.5 107.5 0.002443468312594455
52.5 112.5 0.0016948913150944195
52.5 117.5 0.0014406576178302567
52.5 122.5 0.0015395262778774312
52.5 127.5 0.0018643804466038614
52.5 132.5 0.002937811612830327
52.5 137.5 0.0042372282877360485
52.5 142.5 0.00783887233231169
52.5 147.5 0.01663818307651022
52.5 152.5 0.0304939195774071
52.5 157.5 0.05946243697122922
52.5 162.5 0.11546447084080734
52.5 167.5 0.17535063064081016
52.5 172.5 0.19516673493312242
52.5 177.5 0.1359444075648649
52.5 182.5 0.05841725399358766
52.5 187.5 0.022231324416321804
52.5 192.5 0.007937740992358866
52.5 197.5 0.0028813152356605134
52.5 202.5 0.0011581757319811866
52.5 207.5 5.932119602830468E-4
52.5 212.5 2.2598550867925594E-4
52.5 217.5 9.886866004717447E-5
52.5 222.5 2.8248188584906993E-5
52.5 242.5 2.8248188584906993E-5
52.5 247.5 5.6496377169813986E-5
52.5 252.5 9.886866004717447E-5
52.5 257.5 1.2711684863208147E-4
52.5 262.5 1.9773732009434894E-4
52.5 267.5 2.5423369726416294E-4
52.5 272.5 2.5423369726416294E-4
52.5 277.5 2.8248188584906994E-4
52.5 282.5 2.8248188584906994E-4
52.5 287.5 2.8248188584906994E-4
52.5 292.5 2.5423369726416294E-4
52.5 297.5 2.1186141438680244E-4
52.5 302.5 1.8361322580189544E-4
52.5 307.5 9.886866004717447E-5
52.5 312.5 5.6496377169813986E-5
57.5 37.5 5.6496377169813986E-5
57.5 42.5 2.1186141438680244E-4
57.5 47.5 7.062047146226748E-4
57.5 52.5 0.0016948913150944195
57.5 57.5 0.0032626657815567578
57.5 62.5 0.004999929379528538
57.5 67.5 0.007118543523396562
57.5 72.5 0.009279529950141948
57.5 77.5 0.011722998262736402
57.5 82.5 0.01442070027259502
57.5 87.5 0.01603084702193472
57.5 92.5 0.015211649552972415
57.5 97.5 0.01155350913122696
57.5 102.5 0.006723068883207864
57.5 107.5 0.003785257270377537
57.5 112.5 0.0025564610669340827
57.5 117.5 0.001878504540896315
57.5 122.5 0.0019208768237736755
57.5 127.5 0.002697702009858618
57.5 132.5 0.0036298922331605486
57.5 137.5 0.005748506377028573
57.5 142.5 0.011991356054293018
57.5 147.5 0.02395446392000113
57.5 152.5 0.05052188528410616
57.5 157.5 0.11338822897981667
57.5 162.5 0.2260278809621333
57.5 167.5 0.34142173133147835
57.5 172.5 0.4003474527195944
57.5 177.5 0.2829338568664284
57.5 182.5 0.12365644553043036
57.5 187.5 0.04063501927938871
57.5 192.5 0.016666431265095125
57.5 197.5 0.004802192059434189
57.5 202.5 0.0017796358808491405
57.5 207.5 8.474456575472098E-4
57.5 212.5 3.1073007443397694E-4
57.5 217.5 1.8361322580189544E-4
57.5 222.5 5.6496377169813986E-5
57.5 227.5 1.4124094292453496E-5
57.5 237.5 1.4124094292453496E-5
57.5 242.5 5.6496377169813986E-5
57.5 247.5 5.6496377169813986E-5
57.5 252.5 9.886866004717447E-5
57.5 257.5 1.8361322580189544E-4
57.5 262.5 2.2598550867925594E-4
57.5 267.5 2.5423369726416294E-4
57.5 272.5 3.1073007443397694E-4
57.5 277.5 3.672264516037909E-4
57.5 282.5 4.095987344811514E-4
57.5 287.5 3.813505458962444E-4
57.5 292.5 3.1073007443397694E-4
57.5 297.5 2.5423369726416294E-4
57.5 302.5 2.1186141438680244E-4
57.5 307.5 1.8361322580189544E-4
57.5 312.5 9.886866004717447E-5
57.5 317.5 4.237228287736049E-5
62.5 37.5 4.237228287736049E-5
62.5 42.5 1.1299275433962797E-4
62.5 47.5 3.1073007443397694E-4
62.5 52.5 0.0010028106947641982
62.5 57.5 0.0018361322580189546
62.5 62.5 0.0030790525557548624
62.5 67.5 0.004180731910566235
62.5 72.5 0.005917995508538015
62.5 77.5 0.009590260024575924
62.5 82.5 0.013601502803632717
62.5 87.5 0.016412197567830963
62.5 92.5 0.016369825284953603
62.5 97.5 0.0133331450120761
62.5 102.5 0.008389712009717377
62.5 107.5 0.004519710173585119
62.5 112.5 0.002966059801415234
62.5 117.5 0.0023304755582548267
62.5 122.5 0.002273979181085013
62.5 127.5 0.002838942952783153
62.5 132.5 0.003785257270377537
62.5 137.5 0.005819126848490841
62.5 142.5 0.013036539031934578
62.5 147.5 0.02714650923009562
62.5 152.5 0.05853024674792729
62.5 157.5 0.1335433115351478
62.5 162.5 0.2588946483806726
62.5 167.5 0.418369797036765
62.5 172.5 0.4983827912035141
62.5 177.5 0.36702871428369654
62.5 182.5 0.17100040959873447
62.5 187.5 0.054575500346040313
62.5 192.5 0.020776542704199093
62.5 197.5 0.006595952034575783
62.5 202.5 0.0019208768237736755
62.5 207.5 0.0010028106947641982
62.5 212.5 4.6609511165096536E-4
62.5 217.5 2.1186141438680244E-4
62.5 222.5 9.886866004717447E-5
62.5 227.5 5.6496377169813986E-5
62.5 232.5 2.8248188584906993E-5
62.5 237.5 2.8248188584906993E-5
62.5 242.5 5.6496377169813986E-5
62.5 247.5 8.474456575472099E-5
62.5 252.5 9.886866004717447E-5
62.5 257.5 1.9773732009434894E-4
62.5 262.5 2.5423369726416294E-4
62.5 267.5 2.8248188584906994E-4
62.5 272.5 3.813505458962444E-4
62.5 277.5 4.6609511165096536E-4
62.5 282.5 5.790878659905933E-4
62.5 287.5 5.649637716981399E-4
62.5 292.5 4.519710173585119E-4
62.5 297.5 3.3897826301888394E-4
62.5 302.5 2.5423369726416294E-4
62.5 307.5 2.1186141438680244E-4
62.5 312.5 9.886866004717447E-5
62.5 317.5 5.6496377169813986E-5
67.5 42.5 9.886866004717447E-5
67.5 47.5 1.9773732009434894E-4
67.5 52.5 3.813505458962444E-4
67.5 57.5 8.615697518396633E-4
67.5 62.5 0.0013559130520755358
67.5 67.5 0.001935000918066129
67.5 72.5 0.0032344175929718507
67.5 77.5 0.005338907642547422
67.5 82.5 0.009943362381887262
67.5 87.5 0.013206028163444019
67.5 92.5 0.013883984689481786
67.5 97.5 0.011511136848349599
67.5 102.5 0.007457521786415446
67.5 107.5 0.004194856004858688
67.5 112.5 0.0028106947641982458
67.5 117.5 0.0019491250123585826
67.5 122.5 0.0019208768237736755
67.5 127.5 0.002415220124009548
67.5 132.5 0.00319204531009449
67.5 137.5 0.0046609511165096535
67.5 142.5 0.010056355136226889
67.5 147.5 0.022245448510614257
67.5 152.5 0.0466518834479739
67.5 157.5 0.09754099518368385
67.5 162.5 0.18277990423864068
67.5 167.5 0.28688860326831545
67.5 172.5 0.35171819607067695
67.5 177.5 0.2775384528467112
67.5 182.5 0.1428652137681671
67.5 187.5 0.05062075394415333
67.5 192.5 0.020098586178161324
67.5 197.5 0.00577675456561348
67.5 202.5 0.0018502563523114081
67.5 207.5 0.0010028106947641982
67.5 212.5 4.943433002358724E-4
67.5 217.5 2.2598550867925594E-4
67.5 222.5 9.886866004717447E-5
67.5 227.5 5.6496377169813986E-5
67.5 232.5 4.237228287736049E-5
67.5 237.5 2.8248188584906993E-5
67.5 242.5 5.6496377169813986E-5
67.5 247.5 7.062047146226749E-5
67.5 252.5 9.886866004717447E-5
67.5 257.5 1.9773732009434894E-4
67.5 262.5 2.5423369726416294E-4
67.5 267.5 2.8248188584906994E-4
67.5 272.5 4.378469230660584E-4
67.5 277.5 5.790878659905933E-4
67.5 282.5 6.638324317453144E-4
67.5 287.5 6.638324317453144E-4
67.5 292.5 5.790878659905933E-4
67.5 297.5 3.954746401886979E-4
67.5 302.5 2.8248188584906994E-4
67.5 307.5 2.2598550867925594E-4
67.5 312.5 1.8361322580189544E-4
67.5 317.5 9.886866004717447E-5
67.5 322.5 2.8248188584906993E-5
72.5 47.5 9.886866004717447E-5
72.5 52.5 1.8361322580189544E-4
72.5 57.5 2.5423369726416294E-4
72.5 62.5 4.6609511165096536E-4
72.5 67.5 7.909492803773958E-4
72.5 72.5 0.0014124094292453497
72.5 77.5 0.002768322481320885
72.5 82.5 0.004590330645047386
72.5 87.5 0.007132667617689016
72.5 92.5 0.008121354218160761
72.5 97.5 0.006963178486179574
72.5 102.5 0.004576206550754933
72.5 107.5 0.0030084320842925947
72.5 112.5 0.0018502563523114081
72.5 117.5 0.0016242708436321521
72.5 122.5 0.0016242708436321521
72.5 127.5 0.0017372635979717801
72.5 132.5 0.001991497295235943
72.5 137.5 0.003135548932924676
72.5 142.5 0.0051552944167455265
72.5 147.5 0.013474385955000636
72.5 152.5 0.025635231140803096
72.5 157.5 0.04896823491193627
72.5 162.5 0.08268244798802277
72.5 167.5 0.12785130153528904
72.5 172.5 0.15734241041793195
72.5 177.5 0.1325687490289685
72.5 182.5 0.07276733379472042
72.5 187.5 0.033304614341605344
72.5 192.5 0.014816174912783718
72.5 197.5 0.004025366873349246
72.5 202.5 0.0016101467493396986
72.5 207.5 8.050733746698493E-4
72.5 212.5 3.954746401886979E-4
72.5 217.5 2.1186141438680244E-4
72.5 222.5 9.886866004717447E-5
72.5 227.5 5.6496377169813986E-5
72.5 232.5 4.237228287736049E-5
72.5 237.5 2.8248188584906993E-5
72.5 242.5 4.237228287736049E-5
72.5 247.5 5.6496377169813986E-5
72.5 252.5 9.886866004717447E-5
72.5 257.5 1.8361322580189544E-4
72.5 262.5 2.4010960297170944E-4
72.5 267.5 2.8248188584906994E-4
72.5 272.5 3.813505458962444E-4
72.5 277.5 5.367155831132328E-4
72.5 282.5 6.355842431604073E-4
72.5 287.5 6.638324317453144E-4
72.5 292.5 5.790878659905933E-4
72.5 297.5 4.095987344811514E-4
72.5 302.5 2.8248188584906994E-4
72.5 307.5 2.5423369726416294E-4
72.5 312.5 1.8361322580189544E-4
72.5 317.5 9.886866004717447E-5
72.5 322.5 5.6496377169813986E-5
77.5 52.5 5.6496377169813986E-5
77.5 57.5 9.886866004717447E-5
77.5 62.5 1.8361322580189544E-4
77.5 67.5 2.5423369726416294E-4
77.5 72.5 4.802192059434189E-4
77.5 77.5 0.0010028106947641982
77.5 82.5 0.001765511786556687
77.5 87.5 0.0027965706699057923
77.5 92.5 0.0032061694043869437
77.5 97.5 0.0029801838957076877
77.5 102.5 0.0020903659552831176
77.5 107.5 0.001483029900707617
77.5 112.5 0.0011299275433962798
77.5 117.5 0.0010028106947641982
77.5 122.5 0.0010028106947641982
77.5 127.5 0.0010310588833491053
77.5 132.5 0.0011864239205660937
77.5 137.5 0.0016101467493396986
77.5 142.5 0.002542336972641629
77.5 147.5 0.0047315715879719215
77.5 152.5 0.011002669453821274
77.5 157.5 0.020253951215378315
77.5 162.5 0.029589977542690073
77.5 167.5 0.040239544639200014
77.5 172.5 0.04675075210802107
77.5 177.5 0.04388356096665302
77.5 182.5 0.03045154729452974
77.5 187.5 0.01724551913108572
77.5 192.5 0.007217412183443737
77.5 197.5 0.002697702009858618
77.5 202.5 0.0011299275433962798
77.5 207.5 6.638324317453144E-4
77.5 212.5 2.8248188584906994E-4
77.5 217.5 1.8361322580189544E-4
77.5 222.5 9.886866004717447E-5
77.5 227.5 5.6496377169813986E-5
77.5 232.5 1.4124094292453496E-5
77.5 242.5 1.4124094292453496E-5
77.5 247.5 5.6496377169813986E-5
77.5 252.5 9.886866004717447E-5
77.5 257.5 1.1299275433962797E-4
77.5 262.5 2.1186141438680244E-4
77.5 267.5 2.5423369726416294E-4
77.5 272.5 3.1073007443397694E-4
77.5 277.5 4.237228287736049E-4
77.5 282.5 4.6609511165096536E-4
77.5 287.5 4.943433002358724E-4
77.5 292.5 4.519710173585119E-4
77.5 297.5 3.531023573113374E-4
77.5 302.5 2.8248188584906994E-4
77.5 307.5 2.2598550867925594E-4
77.5 312.5 1.8361322580189544E-4
77.5 317.5 9.886866004717447E-5
77.5 322.5 4.237228287736049E-5
82.5 62.5 5.6496377169813986E-5
82.5 67.5 9.886866004717447E-5
82.5 72.5 1.8361322580189544E-4
82.5 77.5 2.5423369726416294E-4
82.5 82.5 4.519710173585119E-4
82.5 87.5 7.344529032075818E-4
82.5 92.5 8.756938461321168E-4
82.5 97.5 7.909492803773958E-4
82.5 102.5 7.062047146226748E-4
82.5 107.5 6.355842431604073E-4
82.5 112.5 5.790878659905933E-4
82.5 117.5 5.932119602830468E-4
82.5 122.5 6.073360545755004E-4
82.5 127.5 6.214601488679539E-4
82.5 132.5 6.638324317453144E-4
82.5 137.5 7.344529032075818E-4
82.5 142.5 0.0010028106947641982
82.5 147.5 0.001765511786556687
82.5 152.5 0.0032626657815567578
82.5 157.5 0.006002740074292736
82.5 162.5 0.01046595387070804
82.5 167.5 0.013474385955000636
82.5 172.5 0.015663620570330928
82.5 177.5 0.015211649552972415
82.5 182.5 0.010917924888066553
82.5 187.5 0.0060309882628776425
82.5 192.5 0.003064928461462409
82.5 197.5 0.001257044392028361
82.5 202.5 6.920806203302213E-4
82.5 207.5 2.8248188584906994E-4
82.5 212.5 2.1186141438680244E-4
82.5 217.5 9.886866004717447E-5
82.5 222.5 5.6496377169813986E-5
82.5 227.5 4.237228287736049E-5
82.5 252.5 5.6496377169813986E-5
82.5 257.5 9.886866004717447E-5
82.5 262.5 1.8361322580189544E-4
82.5 267.5 2.1186141438680244E-4
82.5 272.5 2.5423369726416294E-4
82.5 277.5 2.8248188584906994E-4
82.5 282.5 3.3897826301888394E-4
82.5 287.5 3.531023573113374E-4
82.5 292.5 3.1073007443397694E-4
82.5 297.5 2.8248188584906994E-4
82.5 302.5 2.5423369726416294E-4
82.5 307.5 2.1186141438680244E-4
82.5 312.5 1.1299275433962797E-4
82.5 317.5 9.886866004717447E-5
87.5 72.5 5.6496377169813986E-5
87.5 77.5 9.886866004717447E-5
87.5 82.5 1.5536503721698847E-4
87.5 87.5 1.8361322580189544E-4
87.5 92.5 1.9773732009434894E-4
87.5 97.5 2.1186141438680244E-4
87.5 102.5 1.9773732009434894E-4
87.5 107.5 1.9773732009434894E-4
87.5 112.5 2.1186141438680244E-4
87.5 117.5 2.1186141438680244E-4
87.5 122.5 2.4010960297170944E-4
87.5 127.5 2.5423369726416294E-4
87.5 132.5 2.5423369726416294E-4
87.5 137.5 2.8248188584906994E-4
87.5 142.5 3.672264516037909E-4
87.5 147.5 7.203288089151284E-4
87.5 152.5 0.001257044392028361
87.5 157.5 0.001963249106651036
87.5 162.5 0.00319204531009449
87.5 167.5 0.0038276295532548976
87.5 172.5 0.003982994590471886
87.5 177.5 0.0037146367989152698
87.5 182.5 0.0030225561785850483
87.5 187.5 0.0018502563523114081
87.5 192.5 0.0010028106947641982
87.5 197.5 5.367155831132328E-4
87.5 202.5 2.5423369726416294E-4
87.5 207.5 1.9773732009434894E-4
87.5 212.5 9.886866004717447E-5
87.5 217.5 9.886866004717447E-5
87.5 222.5 5.6496377169813986E-5
87.5 257.5 5.6496377169813986E-5
87.5 262.5 9.886866004717447E-5
87.5 267.5 1.1299275433962797E-4
87.5 272.5 1.9773732009434894E-4
87.5 277.5 2.2598550867925594E-4
87.5 282.5 2.5423369726416294E-4
87.5 287.5 2.5423369726416294E-4
87.5 292.5 2.5423369726416294E-4
87.5 297.5 2.4010960297170944E-4
87.5 302.5 2.1186141438680244E-4
87.5 307.5 1.8361322580189544E-4
87.5 312.5 9.886866004717447E-5
87.5 317.5 5.6496377169813986E-5
92.5 77.5 1.4124094292453496E-5
92.5 82.5 5.6496377169813986E-5
92.5 87.5 5.6496377169813986E-5
92.5 92.5 8.474456575472099E-5
92.5 97.5 7.062047146226749E-5
92.5 102.5 7.062047146226749E-5
92.5 107.5 9.886866004717447E-5
92.5 112.5 9.886866004717447E-5
92.5 117.5 9.886866004717447E-5
92.5 122.5 9.886866004717447E-5
92.5 127.5 1.2711684863208147E-4
92.5 132.5 1.8361322580189544E-4
92.5 137.5 1.9773732009434894E-4
92.5 142.5 2.2598550867925594E-4
92.5 147.5 2.5423369726416294E-4
92.5 152.5 5.367155831132328E-4
92.5 157.5 7.909492803773958E-4
92.5 162.5 0.0010451829776415588
92.5 167.5 0.0013135407691981752
92.5 172.5 0.001370037146367989
92.5 177.5 0.0012287962034434542
92.5 182.5 9.321902233019307E-4
92.5 187.5 6.497083374528608E-4
92.5 192.5 2.8248188584906994E-4
92.5 197.5 2.1186141438680244E-4
92.5 202.5 1.1299275433962797E-4
92.5 207.5 9.886866004717447E-5
92.5 212.5 7.062047146226749E-5
92.5 217.5 4.237228287736049E-5
92.5 262.5 2.8248188584906993E-5
92.5 267.5 5.6496377169813986E-5
92.5 272.5 9.886866004717447E-5
92.5 277.5 1.1299275433962797E-4
92.5 282.5 1.8361322580189544E-4
92.5 287.5 1.8361322580189544E-4
92.5 292.5 1.8361322580189544E-4
92.5 297.5 1.8361322580189544E-4
92.5 302.5 9.886866004717447E-5
92.5 307.5 9.886866004717447E-5
92.5 312.5 5.6496377169813986E-5
97.5 92.5 1.4124094292453496E-5
97.5 97.5 4.237228287736049E-5
97.5 102.5 5.6496377169813986E-5
97.5 107.5 5.6496377169813986E-5
97.5 112.5 5.6496377169813986E-5
97.5 117.5 5.6496377169813986E-5
97.5 122.5 5.6496377169813986E-5
97.5 127.5 9.886866004717447E-5
97.5 132.5 9.886866004717447E-5
97.5 137.5 9.886866004717447E-5
97.5 142.5 1.4124094292453497E-4
97.5 147.5 1.9773732009434894E-4
97.5 152.5 2.2598550867925594E-4
97.5 157.5 2.8248188584906994E-4
97.5 162.5 3.672264516037909E-4
97.5 167.5 5.508396774056864E-4
97.5 172.5 6.355842431604073E-4
97.5 177.5 4.519710173585119E-4
97.5 182.5 2.8248188584906994E-4
97.5 187.5 2.2598550867925594E-4
97.5 192.5 1.8361322580189544E-4
97.5 197.5 9.886866004717447E-5
97.5 202.5 8.474456575472099E-5
97.5 207.5 5.6496377169813986E-5
97.5 277.5 5.6496377169813986E-5
97.5 282.5 7.062047146226749E-5
97.5 287.5 9.886866004717447E-5
97.5 292.5 9.886866004717447E-5
97.5 297.5 9.886866004717447E-5
97.5 302.5 5.6496377169813986E-5
97.5 307.5 4.237228287736049E-5
102.5 97.5 2.8248188584906993E-5
102.5 102.5 4.237228287736049E-5
102.5 107.5 5.6496377169813986E-5
102.5 112.5 5.6496377169813986E-5
102.5 117.5 5.6496377169813986E-5
102.5 122.5 5.6496377169813986E-5
102.5 127.5 5.6496377169813986E-5
102.5 132.5 5.6496377169813986E-5
102.5 137.5 5.6496377169813986E-5
102.5 142.5 9.886866004717447E-5
102.5 147.5 9.886866004717447E-5
102.5 152.5 1.1299275433962797E-4
102.5 157.5 1.8361322580189544E-4
102.5 162.5 2.1186141438680244E-4
102.5 167.5 2.1186141438680244E-4
102.5 172.5 2.1186141438680244E-4
102.5 177.5 2.1186141438680244E-4
102.5 182.5 1.8361322580189544E-4
102.5 187.5 9.886866004717447E-5
102.5 192.5 9.886866004717447E-5
102.5 197.5 5.6496377169813986E-5
107.5 102.5 4.237228287736049E-5
107.5 107.5 4.237228287736049E-5
107.5 112.5 4.237228287736049E-5
107.5 117.5 4.237228287736049E-5
107.5 122.5 4.237228287736049E-5
107.5 127.5 2.8248188584906993E-5
107.5 132.5 2.8248188584906993E-5
107.5 137.5 4.237228287736049E-5
107.5 142.5 5.6496377169813986E-5
107.5 147.5 5.6496377169813986E-5
107.5 152.5 9.886866004717447E-5
107.5 157.5 9.886866004717447E-5
107.5 162.5 9.886866004717447E-5
107.5 167.5 9.886866004717447E-5
107.5 172.5 9.886866004717447E-5
107.5 177.5 9.886866004717447E-5
107.5 182.5 5.6496377169813986E-5
107.5 187.5 5.6496377169813986E-5
112.5 102.5 1.4124094292453496E-5
112.5 107.5 4.237228287736049E-5
112.5 112.5 4.237228287736049E-5
112.5 117.5 4.237228287736049E-5
112.5 122.5 2.8248188584906993E-5
112.5 127.5 1.4124094292453496E-5
112.5 147.5 1.4124094292453496E-5
112.5 152.5 4.237228287736049E-5
112.5 157.5 5.6496377169813986E-5
112.5 162.5 5.6496377169813986E-5
112.5 167.5 5.6496377169813986E-5
112.5 172.5 5.6496377169813986E-5
112.5 177.5 4.237228287736049E-5
117.5 107.5 2.8248188584906993E-5
117.5 112.5 4.237228287736049E-5
117.5 117.5 2.8248188584906993E-5
117.5 122.5 2.8248188584906993E-5
117.5 127.5 1.4124094292453496E-5
122.5 112.5 1.4124094292453496E-5
122.5 117.5 1.4124094292453496E-5
122.5 122.5 1.4124094292453496E-5
147.5 57.5 5.6496377169813986E-5
147.5 62.5 5.6496377169813986E-5
147.5 67.5 5.6496377169813986E-5
147.5 72.5 5.6496377169813986E-5
147.5 77.5 4.237228287736049E-5
147.5 137.5 1.4124094292453496E-5
147.5 142.5 4.237228287736049E-5
147.5 147.5 5.6496377169813986E-5
147.5 152.5 5.6496377169813986E-5
147.5 157.5 7.062047146226749E-5
147.5 162.5 9.886866004717447E-5
147.5 167.5 9.886866004717447E-5
147.5 172.5 9.886866004717447E-5
147.5 177.5 5.6496377169813986E-5
152.5 52.5 5.6496377169813986E-5
152.5 57.5 9.886866004717447E-5
152.5 62.5 1.6948913150944197E-4
152.5 67.5 1.8361322580189544E-4
152.5 72.5 1.2711684863208147E-4
152.5 77.5 9.886866004717447E-5
152.5 82.5 9.886866004717447E-5
152.5 87.5 5.6496377169813986E-5
152.5 92.5 4.237228287736049E-5
152.5 117.5 2.8248188584906993E-5
152.5 122.5 5.6496377169813986E-5
152.5 127.5 5.6496377169813986E-5
152.5 132.5 9.886866004717447E-5
152.5 137.5 9.886866004717447E-5
152.5 142.5 9.886866004717447E-5
152.5 147.5 9.886866004717447E-5
152.5 152.5 9.886866004717447E-5
152.5 157.5 1.8361322580189544E-4
152.5 162.5 1.9773732009434894E-4
152.5 167.5 1.9773732009434894E-4
152.5 172.5 1.8361322580189544E-4
152.5 177.5 9.886866004717447E-5
152.5 182.5 7.062047146226749E-5
152.5 187.5 2.8248188584906993E-5
152.5 267.5 2.8248188584906993E-5
152.5 272.5 2.8248188584906993E-5
157.5 47.5 5.6496377169813986E-5
157.5 52.5 1.8361322580189544E-4
157.5 57.5 2.5423369726416294E-4
157.5 62.5 4.519710173585119E-4
157.5 67.5 6.355842431604073E-4
157.5 72.5 4.519710173585119E-4
157.5 77.5 2.8248188584906994E-4
157.5 82.5 2.1186141438680244E-4
157.5 87.5 1.5536503721698847E-4
157.5 92.5 9.886866004717447E-5
157.5 97.5 9.886866004717447E-5
157.5 102.5 5.6496377169813986E-5
157.5 107.5 5.6496377169813986E-5
157.5 112.5 5.6496377169813986E-5
157.5 117.5 9.886866004717447E-5
157.5 122.5 9.886866004717447E-5
157.5 127.5 1.1299275433962797E-4
157.5 132.5 1.8361322580189544E-4
157.5 137.5 1.8361322580189544E-4
157.5 142.5 1.8361322580189544E-4
157.5 147.5 2.1186141438680244E-4
157.5 152.5 2.5423369726416294E-4
157.5 157.5 3.1073007443397694E-4
157.5 162.5 4.378469230660584E-4
157.5 167.5 5.790878659905933E-4
157.5 172.5 4.519710173585119E-4
157.5 177.5 2.8248188584906994E-4
157.5 182.5 1.9773732009434894E-4
157.5 187.5 9.886866004717447E-5
157.5 192.5 4.237228287736049E-5
157.5 257.5 4.237228287736049E-5
157.5 262.5 5.6496377169813986E-5
157.5 267.5 5.6496377169813986E-5
157.5 272.5 5.6496377169813986E-5
157.5 277.5 5.6496377169813986E-5
157.5 282.5 4.237228287736049E-5
162.5 47.5 1.8361322580189544E-4
162.5 52.5 3.672264516037909E-4
162.5 57.5 9.886866004717447E-4
162.5 62.5 0.001596022655047245
162.5 67.5 0.001765511786556687
162.5 72.5 0.0014124094292453497
162.5 77.5 9.039420347170238E-4
162.5 82.5 4.6609511165096536E-4
162.5 87.5 2.5423369726416294E-4
162.5 92.5 2.1186141438680244E-4
162.5 97.5 1.8361322580189544E-4
162.5 102.5 1.1299275433962797E-4
162.5 107.5 9.886866004717447E-5
162.5 112.5 1.1299275433962797E-4
162.5 117.5 1.8361322580189544E-4
162.5 122.5 2.1186141438680244E-4
162.5 127.5 2.5423369726416294E-4
162.5 132.5 2.5423369726416294E-4
162.5 137.5 2.5423369726416294E-4
162.5 142.5 2.8248188584906994E-4
162.5 147.5 6.214601488679539E-4
162.5 152.5 8.474456575472098E-4
162.5 157.5 0.001257044392028361
162.5 162.5 0.0018502563523114081
162.5 167.5 0.002358723746839734
162.5 172.5 0.0018361322580189546
162.5 177.5 0.0011299275433962798
162.5 182.5 6.355842431604073E-4
162.5 187.5 2.2598550867925594E-4
162.5 192.5 9.886866004717447E-5
162.5 197.5 5.6496377169813986E-5
162.5 252.5 5.6496377169813986E-5
162.5 257.5 5.6496377169813986E-5
162.5 262.5 9.886866004717447E-5
162.5 267.5 9.886866004717447E-5
162.5 272.5 9.886866004717447E-5
162.5 277.5 9.886866004717447E-5
162.5 282.5 5.6496377169813986E-5
162.5 287.5 5.6496377169813986E-5
167.5 42.5 9.886866004717447E-5
167.5 47.5 3.672264516037909E-4
167.5 52.5 0.0012005480148585472
167.5 57.5 0.0030225561785850483
167.5 62.5 0.004745695682264375
167.5 67.5 0.004999929379528538
167.5 72.5 0.003785257270377537
167.5 77.5 0.002104490049575571
167.5 82.5 0.0011299275433962798
167.5 87.5 6.920806203302213E-4
167.5 92.5 3.672264516037909E-4
167.5 97.5 2.8248188584906994E-4
167.5 102.5 2.5423369726416294E-4
167.5 107.5 2.2598550867925594E-4
167.5 112.5 2.2598550867925594E-4
167.5 117.5 2.5423369726416294E-4
167.5 122.5 2.8248188584906994E-4
167.5 127.5 3.813505458962444E-4
167.5 132.5 5.225914888207794E-4
167.5 137.5 6.779565260377679E-4
167.5 142.5 8.050733746698493E-4
167.5 147.5 0.001370037146367989
167.5 152.5 0.0027259501984435246
167.5 157.5 0.005240038982500247
167.5 162.5 0.010225844267736331
167.5 167.5 0.012302086128726995
167.5 172.5 0.009985734664764621
167.5 177.5 0.004788067965141736
167.5 182.5 0.0018502563523114081
167.5 187.5 7.062047146226748E-4
167.5 192.5 2.2598550867925594E-4
167.5 197.5 9.886866004717447E-5
167.5 202.5 5.6496377169813986E-5
167.5 247.5 2.8248188584906993E-5
167.5 252.5 5.6496377169813986E-5
167.5 257.5 9.886866004717447E-5
167.5 262.5 9.886866004717447E-5
167.5 267.5 9.886866004717447E-5
167.5 272.5 9.886866004717447E-5
167.5 277.5 9.886866004717447E-5
167.5 282.5 9.886866004717447E-5
167.5 287.5 5.6496377169813986E-5
167.5 292.5 2.8248188584906993E-5
172.5 37.5 9.886866004717447E-5
172.5 42.5 2.8248188584906994E-4
172.5 47.5 0.0010028106947641982
172.5 52.5 0.0034745271959435602
172.5 57.5 0.010423581587830681
172.5 62.5 0.015451759155944125
172.5 67.5 0.014731430347028996
172.5 72.5 0.009632632307453285
172.5 77.5 0.004463213796415305
172.5 82.5 0.002358723746839734
172.5 87.5 0.0013417889577830822
172.5 92.5 9.039420347170238E-4
172.5 97.5 6.920806203302213E-4
172.5 102.5 4.519710173585119E-4
172.5 107.5 3.3897826301888394E-4
172.5 112.5 3.3897826301888394E-4
172.5 117.5 3.954746401886979E-4
172.5 122.5 6.214601488679539E-4
172.5 127.5 7.344529032075818E-4
172.5 132.5 9.463143175943842E-4
172.5 137.5 0.0011581757319811866
172.5 142.5 0.001765511786556687
172.5 147.5 0.0037005127046228162
172.5 152.5 0.009632632307453285
172.5 157.5 0.01870030084320843
172.5 162.5 0.029872459428539146
172.5 167.5 0.03653903193457719
172.5 172.5 0.02855891865934097
172.5 177.5 0.017640993771274417
172.5 182.5 0.006864309826132399
172.5 187.5 0.0018078840694340475
172.5 192.5 4.519710173585119E-4
172.5 197.5 1.9773732009434894E-4
172.5 202.5 9.886866004717447E-5
172.5 207.5 4.237228287736049E-5
172.5 247.5 5.6496377169813986E-5
172.5 252.5 9.886866004717447E-5
172.5 257.5 9.886866004717447E-5
172.5 262.5 9.886866004717447E-5
172.5 267.5 1.1299275433962797E-4
172.5 272.5 1.1299275433962797E-4
172.5 277.5 9.886866004717447E-5
172.5 282.5 9.886866004717447E-5
172.5 287.5 9.886866004717447E-5
172.5 292.5 5.6496377169813986E-5
177.5 32.5 5.6496377169813986E-5
177.5 37.5 2.2598550867925594E-4
177.5 42.5 8.050733746698493E-4
177.5 47.5 0.00319204531009449
177.5 52.5 0.013601502803632717
177.5 57.5 0.025564610669340827
177.5 62.5 0.03368596488750159
177.5 67.5 0.029434612505473086
177.5 72.5 0.02002796570669906
177.5 77.5 0.010762559850849564
177.5 82.5 0.004590330645047386
177.5 87.5 0.0028813152356605134
177.5 92.5 0.001765511786556687
177.5 97.5 0.0011581757319811866
177.5 102.5 7.909492803773958E-4
177.5 107.5 6.779565260377679E-4
177.5 112.5 6.355842431604073E-4
177.5 117.5 6.920806203302213E-4
177.5 122.5 7.909492803773958E-4
177.5 127.5 0.0010451829776415588
177.5 132.5 0.0015395262778774312
177.5 137.5 0.002132738238160478
177.5 142.5 0.003954746401886979
177.5 147.5 0.010423581587830681
177.5 152.5 0.021228513721557606
177.5 157.5 0.04262651657462465
177.5 162.5 0.07765427041990933
177.5 167.5 0.09902402508439147
177.5 172.5 0.07361477945226762
177.5 177.5 0.038248047343964066
177.5 182.5 0.016553438510755497
177.5 187.5 0.0040394909676417
177.5 192.5 0.0010028106947641982
177.5 197.5 2.8248188584906994E-4
177.5 202.5 1.8361322580189544E-4
177.5 207.5 9.886866004717447E-5
177.5 212.5 1.4124094292453496E-5
177.5 247.5 5.6496377169813986E-5
177.5 252.5 9.886866004717447E-5
177.5 257.5 9.886866004717447E-5
177.5 262.5 1.1299275433962797E-4
177.5 267.5 1.5536503721698847E-4
177.5 272.5 1.5536503721698847E-4
177.5 277.5 1.1299275433962797E-4
177.5 282.5 9.886866004717447E-5
177.5 287.5 9.886866004717447E-5
177.5 292.5 5.6496377169813986E-5
182.5 32.5 1.1299275433962797E-4
182.5 37.5 4.6609511165096536E-4
182.5 42.5 0.0019208768237736755
182.5 47.5 0.009660880496038192
182.5 52.5 0.026835779155661644
182.5 57.5 0.054137653422974254
182.5 62.5 0.06968828123896555
182.5 67.5 0.0577392974675499
182.5 72.5 0.03483001652519032
182.5 77.5 0.018912162257595233
182.5 82.5 0.010112851513396703
182.5 87.5 0.0051411703224530725
182.5 92.5 0.00319204531009449
182.5 97.5 0.0018361322580189546
182.5 102.5 0.0011581757319811866
182.5 107.5 8.050733746698493E-4
182.5 112.5 7.485769975000353E-4
182.5 117.5 7.909492803773958E-4
182.5 122.5 0.0010169347890566518
182.5 127.5 0.0014971539950000706
182.5 132.5 0.0022881032753774666
182.5 137.5 0.0036298922331605486
182.5 142.5 0.007570514540755074
182.5 147.5 0.017598621488397057
182.5 152.5 0.03470289967655824
182.5 157.5 0.07327580118924874
182.5 162.5 0.15050634878038446
182.5 167.5 0.191946441434443
182.5 172.5 0.14550641940085593
182.5 177.5 0.0629652123557577
182.5 182.5 0.02214657985056708
182.5 187.5 0.0060168641685851895
182.5 192.5 0.001765511786556687
182.5 197.5 6.638324317453144E-4
182.5 202.5 2.5423369726416294E-4
182.5 207.5 1.8361322580189544E-4
182.5 212.5 9.886866004717447E-5
182.5 247.5 5.6496377169813986E-5
182.5 252.5 9.886866004717447E-5
182.5 257.5 9.886866004717447E-5
182.5 262.5 1.1299275433962797E-4
182.5 267.5 1.8361322580189544E-4
182.5 272.5 1.8361322580189544E-4
182.5 277.5 1.1299275433962797E-4
182.5 282.5 9.886866004717447E-5
182.5 287.5 9.886866004717447E-5
182.5 292.5 5.6496377169813986E-5
187.5 27.5 2.8248188584906993E-5
187.5 32.5 2.1186141438680244E-4
187.5 37.5 7.909492803773958E-4
187.5 42.5 0.0034604031016511067
187.5 47.5 0.015946102456179997
187.5 52.5 0.040578522902218896
187.5 57.5 0.08595923786387198
187.5 62.5 0.11930622448835468
187.5 67.5 0.09084617448906089
187.5 72.5 0.049914549229530654
187.5 77.5 0.02547986610358611
187.5 82.5 0.016059095210519625
187.5 87.5 0.008700442084151353
187.5 92.5 0.004547958362170026
187.5 97.5 0.0027118261041510715
187.5 102.5 0.0015254021835849777
187.5 107.5 0.0010028106947641982
187.5 112.5 8.050733746698493E-4
187.5 117.5 9.463143175943842E-4
187.5 122.5 0.0012287962034434542
187.5 127.5 0.001765511786556687
187.5 132.5 0.002895439329952967
187.5 137.5 0.004943433002358724
187.5 142.5 0.011002669453821274
187.5 147.5 0.021383878758774594
187.5 152.5 0.04457564158698323
187.5 157.5 0.09881216367000466
187.5 162.5 0.19208768237736756
187.5 167.5 0.24502478778548326
187.5 172.5 0.18625443143458426
187.5 177.5 0.07850171607745653
187.5 182.5 0.026313187666840866
187.5 187.5 0.007542266352170167
187.5 192.5 0.002514088784056722
187.5 197.5 9.463143175943842E-4
187.5 202.5 3.3897826301888394E-4
187.5 207.5 2.4010960297170944E-4
187.5 212.5 1.1299275433962797E-4
187.5 217.5 5.6496377169813986E-5
187.5 247.5 5.6496377169813986E-5
187.5 252.5 9.886866004717447E-5
187.5 257.5 9.886866004717447E-5
187.5 262.5 1.1299275433962797E-4
187.5 267.5 1.5536503721698847E-4
187.5 272.5 1.5536503721698847E-4
187.5 277.5 1.1299275433962797E-4
187.5 282.5 9.886866004717447E-5
187.5 287.5 9.886866004717447E-5
187.5 292.5 5.6496377169813986E-5
192.5 27.5 5.6496377169813986E-5
192.5 32.5 2.2598550867925594E-4
192.5 37.5 8.615697518396633E-4
192.5 42.5 0.0036863886103303627
192.5 47.5 0.01620033615344416
192.5 52.5 0.04177907091707744
192.5 57.5 0.09136876597788167
192.5 62.5 0.1300264120563269
192.5 67.5 0.10632618183358993
192.5 72.5 0.05973079476278584
192.5 77.5 0.031044759254812784
192.5 82.5 0.018770921314670695
192.5 87.5 0.011355771811132611
192.5 92.5 0.0055648931512266775
192.5 97.5 0.0030225561785850483
192.5 102.5 0.0016242708436321521
192.5 107.5 0.0010028106947641982
192.5 112.5 8.333215632547562E-4
192.5 117.5 9.886866004717447E-4
192.5 122.5 0.0012429202977359078
192.5 127.5 0.001765511786556687
192.5 132.5 0.002966059801415234
192.5 137.5 0.005310659453962515
192.5 142.5 0.01183599101707603
192.5 147.5 0.021878222059010466
192.5 152.5 0.045310094490190814
192.5 157.5 0.09528114009689129
192.5 162.5 0.17574610528099885
192.5 167.5 0.22975664185534103
192.5 172.5 0.18013869860595189
192.5 177.5 0.07828985466306973
192.5 182.5 0.02940636431688818
192.5 187.5 0.009971610570472168
192.5 192.5 0.003163797121509583
192.5 197.5 0.0012005480148585472
192.5 202.5 6.214601488679539E-4
192.5 207.5 2.8248188584906994E-4
192.5 212.5 1.9773732009434894E-4
192.5 217.5 9.886866004717447E-5
192.5 222.5 4.237228287736049E-5
192.5 247.5 5.6496377169813986E-5
192.5 252.5 9.886866004717447E-5
192.5 257.5 9.886866004717447E-5
192.5 262.5 9.886866004717447E-5
192.5 267.5 1.1299275433962797E-4
192.5 272.5 1.1299275433962797E-4
192.5 277.5 9.886866004717447E-5
192.5 282.5 9.886866004717447E-5
192.5 287.5 9.886866004717447E-5
192.5 292.5 5.6496377169813986E-5
197.5 27.5 5.6496377169813986E-5
197.5 32.5 1.9773732009434894E-4
197.5 37.5 7.062047146226748E-4
197.5 42.5 0.00286719114136806
197.5 47.5 0.011807742828491122
197.5 52.5 0.03103063516052033
197.5 57.5 0.06410926399344642
197.5 62.5 0.09607208937726869
197.5 67.5 0.0912698973178345
197.5 72.5 0.06036637900594624
197.5 77.5 0.03375658535896386
197.5 82.5 0.01935000918066129
197.5 87.5 0.011299275433962797
197.5 92.5 0.005240038982500247
197.5 97.5 0.0028813152356605134
197.5 102.5 0.0015112780892925241
197.5 107.5 9.463143175943842E-4
197.5 112.5 7.627010917924888E-4
197.5 117.5 8.474456575472098E-4
197.5 122.5 0.0010310588833491053
197.5 127.5 0.0014971539950000706
197.5 132.5 0.0024858405954718155
197.5 137.5 0.004265476476320956
197.5 142.5 0.009646756401745738
197.5 147.5 0.018559059900283895
197.5 152.5 0.0357480826541998
197.5 157.5 0.07064871965085238
197.5 162.5 0.13067612039377974
197.5 167.5 0.16711628366830977
197.5 172.5 0.1382183867459499
197.5 177.5 0.06754141890651262
197.5 182.5 0.02686402734424655
197.5 187.5 0.010804932133726925
197.5 192.5 0.0033474103473114785
197.5 197.5 0.0012994166749057217
197.5 202.5 6.920806203302213E-4
197.5 207.5 3.1073007443397694E-4
197.5 212.5 2.2598550867925594E-4
197.5 217.5 1.1299275433962797E-4
197.5 222.5 5.6496377169813986E-5
197.5 247.5 1.4124094292453496E-5
197.5 252.5 5.6496377169813986E-5
197.5 257.5 9.886866004717447E-5
197.5 262.5 9.886866004717447E-5
197.5 267.5 9.886866004717447E-5
197.5 272.5 9.886866004717447E-5
197.5 277.5 9.886866004717447E-5
197.5 282.5 9.886866004717447E-5
197.5 287.5 5.6496377169813986E-5
197.5 292.5 4.237228287736049E-5
202.5 27.5 4.237228287736049E-5
202.5 32.5 1.2711684863208147E-4
202.5 37.5 3.3897826301888394E-4
202.5 42.5 0.001370037146367989
202.5 47.5 0.005466024491179503
202.5 52.5 0.018756797220378242
202.5 57.5 0.03666614878320928
202.5 62.5 0.056284515755427186
202.5 67.5 0.06240024858405955
202.5 72.5 0.049349585457832516
202.5 77.5 0.029222751091086283
202.5 82.5 0.016864168585189476
202.5 87.5 0.008177850595330575
202.5 92.5 0.003982994590471886
202.5 97.5 0.0020903659552831176
202.5 102.5 0.0011581757319811866
202.5 107.5 7.344529032075818E-4
202.5 112.5 6.638324317453144E-4
202.5 117.5 7.062047146226748E-4
202.5 122.5 7.909492803773958E-4
202.5 127.5 0.0010310588833491053
202.5 132.5 0.0016242708436321521
202.5 137.5 0.0029095634242454205
202.5 142.5 0.005056425756698351
202.5 147.5 0.011722998262736402
202.5 152.5 0.02184997387042556
202.5 157.5 0.04283837798901145
202.5 162.5 0.07057809917939012
202.5 167.5 0.08862869168514569
202.5 172.5 0.07454696967556955
202.5 177.5 0.04426491151254926
202.5 182.5 0.020776542704199093
202.5 187.5 0.008714566178443807
202.5 192.5 0.003135548932924676
202.5 197.5 0.0012287962034434542
202.5 202.5 6.779565260377679E-4
202.5 207.5 3.1073007443397694E-4
202.5 212.5 2.2598550867925594E-4
202.5 217.5 1.5536503721698847E-4
202.5 222.5 9.886866004717447E-5
202.5 227.5 1.4124094292453496E-5
202.5 252.5 4.237228287736049E-5
202.5 257.5 5.6496377169813986E-5
202.5 262.5 9.886866004717447E-5
202.5 267.5 9.886866004717447E-5
202.5 272.5 9.886866004717447E-5
202.5 277.5 9.886866004717447E-5
202.5 282.5 5.6496377169813986E-5
202.5 287.5 5.6496377169813986E-5
202.5 292.5 1.4124094292453496E-5
207.5 32.5 9.886866004717447E-5
207.5 37.5 2.1186141438680244E-4
207.5 42.5 6.920806203302213E-4
207.5 47.5 0.0018078840694340475
207.5 52.5 0.006821937543255039
207.5 57.5 0.017768110619906498
207.5 62.5 0.02960410163698253
207.5 67.5 0.038248047343964066
207.5 72.5 0.032245307269671335
207.5 77.5 0.020649425855567012
207.5 82.5 0.010635443002217483
207.5 87.5 0.004336096947783224
207.5 92.5 0.0025282128783491757
207.5 97.5 0.0013559130520755358
207.5 102.5 7.627010917924888E-4
207.5 107.5 4.519710173585119E-4
207.5 112.5 3.672264516037909E-4
207.5 117.5 3.954746401886979E-4
207.5 122.5 5.508396774056864E-4
207.5 127.5 7.062047146226748E-4
207.5 132.5 9.886866004717447E-4
207.5 137.5 0.001483029900707617
207.5 142.5 0.0025564610669340827
207.5 147.5 0.0047315715879719215
207.5 152.5 0.011002669453821274
207.5 157.5 0.020578805384104743
207.5 162.5 0.03240067230688832
207.5 167.5 0.04007005550769057
207.5 172.5 0.035197242976794114
207.5 177.5 0.023700230222736967
207.5 182.5 0.01357325461504781
207.5 187.5 0.005381279925424782
207.5 192.5 0.0022033587096227454
207.5 197.5 9.886866004717447E-4
207.5 202.5 5.367155831132328E-4
207.5 207.5 2.8248188584906994E-4
207.5 212.5 2.1186141438680244E-4
207.5 217.5 1.5536503721698847E-4
207.5 222.5 9.886866004717447E-5
207.5 227.5 2.8248188584906993E-5
207.5 257.5 1.4124094292453496E-5
207.5 262.5 5.6496377169813986E-5
207.5 267.5 5.6496377169813986E-5
207.5 272.5 5.6496377169813986E-5
207.5 277.5 5.6496377169813986E-5
207.5 282.5 5.6496377169813986E-5
207.5 287.5 4.237228287736049E-5
212.5 32.5 5.6496377169813986E-5
212.5 37.5 9.886866004717447E-5
212.5 42.5 2.5423369726416294E-4
212.5 47.5 6.920806203302213E-4
212.5 52.5 0.0018078840694340475
212.5 57.5 0.005988615980000282
212.5 62.5 0.015451759155944125
212.5 67.5 0.019561870595048093
212.5 72.5 0.017711614242736685
212.5 77.5 0.010819056228019378
212.5 82.5 0.0042796005706134095
212.5 87.5 0.0023304755582548267
212.5 92.5 0.0013135407691981752
212.5 97.5 7.909492803773958E-4
212.5 102.5 3.672264516037909E-4
212.5 107.5 2.5423369726416294E-4
212.5 112.5 2.5423369726416294E-4
212.5 117.5 2.5423369726416294E-4
212.5 122.5 2.5423369726416294E-4
212.5 127.5 2.8248188584906994E-4
212.5 132.5 4.378469230660584E-4
212.5 137.5 7.203288089151284E-4
212.5 142.5 0.0010451829776415588
212.5 147.5 0.0019491250123585826
212.5 152.5 0.004053615061934153
212.5 157.5 0.008333215632547563
212.5 162.5 0.014307707518255391
212.5 167.5 0.016920664962359288
212.5 172.5 0.01608734339910453
212.5 177.5 0.010974421265236367
212.5 182.5 0.005663761811273852
212.5 187.5 0.0030225561785850483
212.5 192.5 0.0013276648634906287
212.5 197.5 6.920806203302213E-4
212.5 202.5 3.1073007443397694E-4
212.5 207.5 2.5423369726416294E-4
212.5 212.5 1.9773732009434894E-4
212.5 217.5 9.886866004717447E-5
212.5 222.5 9.886866004717447E-5
212.5 227.5 1.4124094292453496E-5
212.5 272.5 2.8248188584906993E-5
212.5 277.5 2.8248188584906993E-5
212.5 282.5 2.8248188584906993E-5
212.5 287.5 2.8248188584906993E-5
212.5 292.5 1.4124094292453496E-5
212.5 297.5 1.4124094292453496E-5
212.5 302.5 1.4124094292453496E-5
212.5 307.5 1.4124094292453496E-5
217.5 32.5 5.6496377169813986E-5
217.5 37.5 9.886866004717447E-5
217.5 42.5 1.5536503721698847E-4
217.5 47.5 2.5423369726416294E-4
217.5 52.5 7.203288089151284E-4
217.5 57.5 0.0017231395036793266
217.5 62.5 0.003954746401886979
217.5 67.5 0.006129856922924818
217.5 72.5 0.005762630471321027
217.5 77.5 0.00375700908179263
217.5 82.5 0.0019491250123585826
217.5 87.5 0.0011581757319811866
217.5 92.5 7.344529032075818E-4
217.5 97.5 3.3897826301888394E-4
217.5 102.5 2.2598550867925594E-4
217.5 107.5 1.9773732009434894E-4
217.5 112.5 1.8361322580189544E-4
217.5 117.5 1.8361322580189544E-4
217.5 122.5 1.8361322580189544E-4
217.5 127.5 1.8361322580189544E-4
217.5 132.5 2.1186141438680244E-4
217.5 137.5 2.5423369726416294E-4
217.5 142.5 4.519710173585119E-4
217.5 147.5 9.463143175943842E-4
217.5 152.5 0.001765511786556687
217.5 157.5 0.0030790525557548624
217.5 162.5 0.0042796005706134095
217.5 167.5 0.0051552944167455265
217.5 172.5 0.004745695682264375
217.5 177.5 0.003785257270377537
217.5 182.5 0.00258470925551899
217.5 187.5 0.0013559130520755358
217.5 192.5 7.203288089151284E-4
217.5 197.5 3.1073007443397694E-4
217.5 202.5 2.5423369726416294E-4
217.5 207.5 2.1186141438680244E-4
217.5 212.5 1.8361322580189544E-4
217.5 217.5 9.886866004717447E-5
217.5 222.5 5.6496377169813986E-5
217.5 287.5 2.8248188584906993E-5
217.5 292.5 4.237228287736049E-5
217.5 297.5 5.6496377169813986E-5
217.5 302.5 5.6496377169813986E-5
217.5 307.5 5.6496377169813986E-5
217.5 312.5 4.237228287736049E-5
217.5 317.5 2.8248188584906993E-5
222.5 32.5 1.4124094292453496E-5
222.5 37.5 7.062047146226749E-5
222.5 42.5 9.886866004717447E-5
222.5 47.5 1.8361322580189544E-4
222.5 52.5 2.8248188584906994E-4
222.5 57.5 7.344529032075818E-4
222.5 62.5 0.001257044392028361
222.5 67.5 0.001793759975141594
222.5 72.5 0.0018643804466038614
222.5 77.5 0.001596022655047245
222.5 82.5 0.0010028106947641982
222.5 87.5 6.920806203302213E-4
222.5 92.5 3.1073007443397694E-4
222.5 97.5 2.2598550867925594E-4
222.5 102.5 1.8361322580189544E-4
222.5 107.5 9.886866004717447E-5
222.5 112.5 9.886866004717447E-5
222.5 117.5 9.886866004717447E-5
222.5 122.5 9.886866004717447E-5
222.5 127.5 9.886866004717447E-5
222.5 132.5 9.886866004717447E-5
222.5 137.5 1.5536503721698847E-4
222.5 142.5 2.1186141438680244E-4
222.5 147.5 3.813505458962444E-4
222.5 152.5 7.909492803773958E-4
222.5 157.5 0.001257044392028361
222.5 162.5 0.001765511786556687
222.5 167.5 0.001935000918066129
222.5 172.5 0.0018502563523114081
222.5 177.5 0.0015254021835849777
222.5 182.5 0.0010028106947641982
222.5 187.5 6.638324317453144E-4
222.5 192.5 2.8248188584906994E-4
222.5 197.5 2.1186141438680244E-4
222.5 202.5 1.8361322580189544E-4
222.5 207.5 1.1299275433962797E-4
222.5 212.5 9.886866004717447E-5
222.5 217.5 5.6496377169813986E-5
222.5 222.5 1.4124094292453496E-5
222.5 282.5 1.4124094292453496E-5
222.5 287.5 5.6496377169813986E-5
222.5 292.5 5.6496377169813986E-5
222.5 297.5 5.6496377169813986E-5
222.5 302.5 5.6496377169813986E-5
222.5 307.5 5.6496377169813986E-5
222.5 312.5 5.6496377169813986E-5
222.5 317.5 5.6496377169813986E-5
222.5 322.5 1.4124094292453496E-5
227.5 37.5 5.6496377169813986E-5
227.5 42.5 9.886866004717447E-5
227.5 47.5 1.1299275433962797E-4
227.5 52.5 2.1186141438680244E-4
227.5 57.5 2.966059801415234E-4
227.5 62.5 6.638324317453144E-4
227.5 67.5 7.909492803773958E-4
227.5 72.5 8.333215632547562E-4
227.5 77.5 7.344529032075818E-4
227.5 82.5 5.225914888207794E-4
227.5 87.5 2.966059801415234E-4
227.5 92.5 2.5423369726416294E-4
227.5 97.5 1.8361322580189544E-4
227.5 102.5 9.886866004717447E-5
227.5 107.5 7.062047146226749E-5
227.5 112.5 5.6496377169813986E-5
227.5 127.5 2.8248188584906993E-5
227.5 132.5 5.6496377169813986E-5
227.5 137.5 9.886866004717447E-5
227.5 142.5 9.886866004717447E-5
227.5 147.5 2.1186141438680244E-4
227.5 152.5 3.1073007443397694E-4
227.5 157.5 6.920806203302213E-4
227.5 162.5 9.039420347170238E-4
227.5 167.5 0.0010028106947641982
227.5 172.5 9.463143175943842E-4
227.5 177.5 7.203288089151284E-4
227.5 182.5 3.954746401886979E-4
227.5 187.5 2.5423369726416294E-4
227.5 192.5 1.9773732009434894E-4
227.5 197.5 9.886866004717447E-5
227.5 202.5 9.886866004717447E-5
227.5 207.5 9.886866004717447E-5
227.5 212.5 5.6496377169813986E-5
227.5 282.5 4.237228287736049E-5
227.5 287.5 5.6496377169813986E-5
227.5 292.5 5.6496377169813986E-5
227.5 297.5 5.6496377169813986E-5
227.5 302.5 5.6496377169813986E-5
227.5 307.5 5.6496377169813986E-5
227.5 312.5 5.6496377169813986E-5
227.5 317.5 5.6496377169813986E-5
227.5 322.5 2.8248188584906993E-5
232.5 42.5 5.6496377169813986E-5
232.5 47.5 9.886866004717447E-5
232.5 52.5 1.8361322580189544E-4
232.5 57.5 2.1186141438680244E-4
232.5 62.5 2.5423369726416294E-4
232.5 67.5 3.1073007443397694E-4
232.5 72.5 3.3897826301888394E-4
232.5 77.5 3.1073007443397694E-4
232.5 82.5 2.8248188584906994E-4
232.5 87.5 2.5423369726416294E-4
232.5 92.5 1.9773732009434894E-4
232.5 97.5 1.1299275433962797E-4
232.5 102.5 9.886866004717447E-5
232.5 107.5 5.6496377169813986E-5
232.5 137.5 4.237228287736049E-5
232.5 142.5 5.6496377169813986E-5
232.5 147.5 9.886866004717447E-5
232.5 152.5 1.8361322580189544E-4
232.5 157.5 2.5423369726416294E-4
232.5 162.5 2.8248188584906994E-4
232.5 167.5 3.3897826301888394E-4
232.5 172.5 3.1073007443397694E-4
232.5 177.5 2.5423369726416294E-4
232.5 182.5 2.1186141438680244E-4
232.5 187.5 1.1299275433962797E-4
232.5 192.5 9.886866004717447E-5
232.5 197.5 5.6496377169813986E-5
232.5 277.5 1.4124094292453496E-5
232.5 282.5 5.6496377169813986E-5
232.5 287.5 5.6496377169813986E-5
232.5 292.5 5.6496377169813986E-5
232.5 297.5 7.062047146226749E-5
232.5 302.5 7.062047146226749E-5
232.5 307.5 5.6496377169813986E-5
232.5 312.5 5.6496377169813986E-5
232.5 317.5 5.6496377169813986E-5
232.5 322.5 2.8248188584906993E-5
237.5 42.5 4.237228287736049E-5
237.5 47.5 7.062047146226749E-5
237.5 52.5 9.886866004717447E-5
237.5 57.5 1.8361322580189544E-4
237.5 62.5 2.1186141438680244E-4
237.5 67.5 2.5423369726416294E-4
237.5 72.5 2.5423369726416294E-4
237.5 77.5 2.5423369726416294E-4
237.5 82.5 2.4010960297170944E-4
237.5 87.5 1.9773732009434894E-4
237.5 92.5 1.6948913150944197E-4
237.5 97.5 9.886866004717447E-5
237.5 102.5 5.6496377169813986E-5
237.5 107.5 1.4124094292453496E-5
237.5 147.5 5.6496377169813986E-5
237.5 152.5 7.062047146226749E-5
237.5 157.5 9.886866004717447E-5
237.5 162.5 9.886866004717447E-5
237.5 167.5 1.8361322580189544E-4
237.5 172.5 1.5536503721698847E-4
237.5 177.5 9.886866004717447E-5
237.5 182.5 9.886866004717447E-5
237.5 187.5 4.237228287736049E-5
237.5 277.5 4.237228287736049E-5
237.5 282.5 5.6496377169813986E-5
237.5 287.5 5.6496377169813986E-5
237.5 292.5 9.886866004717447E-5
237.5 297.5 9.886866004717447E-5
237.5 302.5 9.886866004717447E-5
237.5 307.5 7.062047146226749E-5
237.5 312.5 5.6496377169813986E-5
237.5 317.5 5.6496377169813986E-5
242.5 37.5 4.237228287736049E-5
242.5 42.5 5.6496377169813986E-5
242.5 47.5 9.886866004717447E-5
242.5 52.5 1.1299275433962797E-4
242.5 57.5 1.8361322580189544E-4
242.5 62.5 2.1186141438680244E-4
242.5 67.5 2.2598550867925594E-4
242.5 72.5 2.2598550867925594E-4
242.5 77.5 2.1186141438680244E-4
242.5 82.5 1.9773732009434894E-4
242.5 87.5 1.8361322580189544E-4
242.5 92.5 9.886866004717447E-5
242.5 97.5 9.886866004717447E-5
242.5 102.5 5.6496377169813986E-5
242.5 152.5 1.4124094292453496E-5
242.5 157.5 5.6496377169813986E-5
242.5 162.5 5.6496377169813986E-5
242.5 167.5 5.6496377169813986E-5
242.5 172.5 5.6496377169813986E-5
242.5 177.5 5.6496377169813986E-5
242.5 277.5 5.6496377169813986E-5
242.5 282.5 5.6496377169813986E-5
242.5 287.5 9.886866004717447E-5
242.5 292.5 9.886866004717447E-5
242.5 297.5 9.886866004717447E-5
242.5 302.5 9.886866004717447E-5
242.5 307.5 9.886866004717447E-5
242.5 312.5 5.6496377169813986E-5
242.5 317.5 5.6496377169813986E-5
247.5 27.5 4.237228287736049E-5
247.5 32.5 5.6496377169813986E-5
247.5 37.5 9.886866004717447E-5
247.5 42.5 9.886866004717447E-5
247.5 47.5 1.9773732009434894E-4
247.5 52.5 2.5423369726416294E-4
247.5 57.5 2.8248188584906994E-4
247.5 62.5 2.8248188584906994E-4
247.5 67.5 2.5423369726416294E-4
247.5 72.5 2.2598550867925594E-4
247.5 77.5 2.1186141438680244E-4
247.5 82.5 1.8361322580189544E-4
247.5 87.5 9.886866004717447E-5
247.5 92.5 9.886866004717447E-5
247.5 97.5 5.6496377169813986E-5
247.5 102.5 5.6496377169813986E-5
247.5 157.5 1.4124094292453496E-5
247.5 162.5 5.6496377169813986E-5
247.5 167.5 5.6496377169813986E-5
247.5 172.5 5.6496377169813986E-5
247.5 177.5 5.6496377169813986E-5
247.5 182.5 2.8248188584906993E-5
247.5 272.5 4.237228287736049E-5
247.5 277.5 5.6496377169813986E-5
247.5 282.5 9.886866004717447E-5
247.5 287.5 9.886866004717447E-5
247.5 292.5 9.886866004717447E-5
247.5 297.5 9.886866004717447E-5
247.5 302.5 9.886866004717447E-5
247.5 307.5 9.886866004717447E-5
247.5 312.5 5.6496377169813986E-5
247.5 317.5 5.6496377169813986E-5
252.5 17.5 2.8248188584906993E-5
252.5 22.5 5.6496377169813986E-5
252.5 27.5 9.886866004717447E-5
252.5 32.5 9.886866004717447E-5
252.5 37.5 1.8361322580189544E-4
252.5 42.5 2.5423369726416294E-4
252.5 47.5 4.378469230660584E-4
252.5 52.5 7.062047146226748E-4
252.5 57.5 7.909492803773958E-4
252.5 62.5 7.485769975000353E-4
252.5 67.5 6.214601488679539E-4
252.5 72.5 2.8248188584906994E-4
252.5 77.5 2.4010960297170944E-4
252.5 82.5 1.9773732009434894E-4
252.5 87.5 9.886866004717447E-5
252.5 92.5 9.886866004717447E-5
252.5 97.5 5.6496377169813986E-5
252.5 102.5 5.6496377169813986E-5
252.5 152.5 2.8248188584906993E-5
252.5 157.5 5.6496377169813986E-5
252.5 162.5 9.886866004717447E-5
252.5 167.5 9.886866004717447E-5
252.5 172.5 9.886866004717447E-5
252.5 177.5 9.886866004717447E-5
252.5 182.5 9.886866004717447E-5
252.5 187.5 5.6496377169813986E-5
252.5 192.5 5.6496377169813986E-5
252.5 267.5 5.6496377169813986E-5
252.5 272.5 9.886866004717447E-5
252.5 277.5 9.886866004717447E-5
252.5 282.5 1.1299275433962797E-4
252.5 287.5 1.8361322580189544E-4
252.5 292.5 1.8361322580189544E-4
252.5 297.5 1.8361322580189544E-4
252.5 302.5 1.2711684863208147E-4
252.5 307.5 9.886866004717447E-5
252.5 312.5 9.886866004717447E-5
252.5 317.5 5.6496377169813986E-5
257.5 12.5 5.6496377169813986E-5
257.5 17.5 9.886866004717447E-5
257.5 22.5 9.886866004717447E-5
257.5 27.5 1.5536503721698847E-4
257.5 32.5 2.1186141438680244E-4
257.5 37.5 2.8248188584906994E-4
257.5 42.5 6.779565260377679E-4
257.5 47.5 0.0010310588833491053
257.5 52.5 0.0015112780892925241
257.5 57.5 0.0016525190322170592
257.5 62.5 0.0015112780892925241
257.5 67.5 0.0010734311662264657
257.5 72.5 7.062047146226748E-4
257.5 77.5 3.1073007443397694E-4
257.5 82.5 2.2598550867925594E-4
257.5 87.5 1.8361322580189544E-4
257.5 92.5 9.886866004717447E-5
257.5 97.5 9.886866004717447E-5
257.5 102.5 5.6496377169813986E-5
257.5 107.5 5.6496377169813986E-5
257.5 112.5 4.237228287736049E-5
257.5 117.5 1.4124094292453496E-5
257.5 142.5 1.4124094292453496E-5
257.5 147.5 7.062047146226749E-5
257.5 152.5 9.886866004717447E-5
257.5 157.5 1.1299275433962797E-4
257.5 162.5 1.8361322580189544E-4
257.5 167.5 1.9773732009434894E-4
257.5 172.5 1.9773732009434894E-4
257.5 177.5 1.8361322580189544E-4
257.5 182.5 1.5536503721698847E-4
257.5 187.5 9.886866004717447E-5
257.5 192.5 9.886866004717447E-5
257.5 197.5 7.062047146226749E-5
257.5 202.5 4.237228287736049E-5
257.5 257.5 2.8248188584906993E-5
257.5 262.5 5.6496377169813986E-5
257.5 267.5 9.886866004717447E-5
257.5 272.5 1.5536503721698847E-4
257.5 277.5 1.9773732009434894E-4
257.5 282.5 2.1186141438680244E-4
257.5 287.5 2.2598550867925594E-4
257.5 292.5 2.1186141438680244E-4
257.5 297.5 1.9773732009434894E-4
257.5 302.5 1.8361322580189544E-4
257.5 307.5 1.1299275433962797E-4
257.5 312.5 9.886866004717447E-5
257.5 317.5 5.6496377169813986E-5
262.5 2.5 2.8248188584906993E-5
262.5 7.5 5.6496377169813986E-5
262.5 12.5 9.886866004717447E-5
262.5 17.5 9.886866004717447E-5
262.5 22.5 1.8361322580189544E-4
262.5 27.5 2.1186141438680244E-4
262.5 32.5 2.8248188584906994E-4
262.5 37.5 6.920806203302213E-4
262.5 42.5 0.001257044392028361
262.5 47.5 0.002132738238160478
262.5 52.5 0.003163797121509583
262.5 57.5 0.0034321549130661997
262.5 62.5 0.0031496730272171296
262.5 67.5 0.0022316068982076525
262.5 72.5 0.0013417889577830822
262.5 77.5 7.485769975000353E-4
262.5 82.5 3.3897826301888394E-4
262.5 87.5 2.4010960297170944E-4
262.5 92.5 1.8361322580189544E-4
262.5 97.5 9.886866004717447E-5
262.5 102.5 9.886866004717447E-5
262.5 107.5 9.886866004717447E-5
262.5 112.5 9.886866004717447E-5
262.5 117.5 9.886866004717447E-5
262.5 122.5 8.474456575472099E-5
262.5 127.5 5.6496377169813986E-5
262.5 132.5 9.886866004717447E-5
262.5 137.5 9.886866004717447E-5
262.5 142.5 1.8361322580189544E-4
262.5 147.5 2.5423369726416294E-4
262.5 152.5 2.5423369726416294E-4
262.5 157.5 2.5423369726416294E-4
262.5 162.5 2.5423369726416294E-4
262.5 167.5 2.8248188584906994E-4
262.5 172.5 2.8248188584906994E-4
262.5 177.5 3.1073007443397694E-4
262.5 182.5 2.8248188584906994E-4
262.5 187.5 2.5423369726416294E-4
262.5 192.5 2.1186141438680244E-4
262.5 197.5 1.6948913150944197E-4
262.5 202.5 9.886866004717447E-5
262.5 207.5 5.6496377169813986E-5
262.5 212.5 4.237228287736049E-5
262.5 252.5 5.6496377169813986E-5
262.5 257.5 9.886866004717447E-5
262.5 262.5 9.886866004717447E-5
262.5 267.5 1.9773732009434894E-4
262.5 272.5 2.5423369726416294E-4
262.5 277.5 2.8248188584906994E-4
262.5 282.5 3.3897826301888394E-4
262.5 287.5 3.954746401886979E-4
262.5 292.5 3.531023573113374E-4
262.5 297.5 2.5423369726416294E-4
262.5 302.5 2.1186141438680244E-4
262.5 307.5 1.8361322580189544E-4
262.5 312.5 9.886866004717447E-5
262.5 317.5 9.886866004717447E-5
262.5 322.5 4.237228287736049E-5
267.5 2.5 5.6496377169813986E-5
267.5 7.5 9.886866004717447E-5
267.5 12.5 9.886866004717447E-5
267.5 17.5 1.8361322580189544E-4
267.5 22.5 2.1186141438680244E-4
267.5 27.5 2.5423369726416294E-4
267.5 32.5 5.790878659905933E-4
267.5 37.5 0.0010028106947641982
267.5 42.5 0.0019773732009434894
267.5 47.5 0.003813505458962444
267.5 52.5 0.005381279925424782
267.5 57.5 0.0065253315631135156
267.5 62.5 0.00577675456561348
267.5 67.5 0.004180731910566235
267.5 72.5 0.002740074292735978
267.5 77.5 0.0014406576178302567
267.5 82.5 7.909492803773958E-4
267.5 87.5 4.237228287736049E-4
267.5 92.5 2.5423369726416294E-4
267.5 97.5 2.1186141438680244E-4
267.5 102.5 1.9773732009434894E-4
267.5 107.5 1.9773732009434894E-4
267.5 112.5 1.9773732009434894E-4
267.5 117.5 1.9773732009434894E-4
267.5 122.5 1.8361322580189544E-4
267.5 127.5 1.9773732009434894E-4
267.5 132.5 2.2598550867925594E-4
267.5 137.5 2.8248188584906994E-4
267.5 142.5 4.6609511165096536E-4
267.5 147.5 6.920806203302213E-4
267.5 152.5 7.627010917924888E-4
267.5 157.5 7.344529032075818E-4
267.5 162.5 7.909492803773958E-4
267.5 167.5 9.886866004717447E-4
267.5 172.5 0.0011581757319811866
267.5 177.5 0.0011581757319811866
267.5 182.5 9.886866004717447E-4
267.5 187.5 7.485769975000353E-4
267.5 192.5 4.6609511165096536E-4
267.5 197.5 2.8248188584906994E-4
267.5 202.5 2.1186141438680244E-4
267.5 207.5 1.1299275433962797E-4
267.5 212.5 9.886866004717447E-5
267.5 217.5 9.886866004717447E-5
267.5 222.5 5.6496377169813986E-5
267.5 247.5 5.6496377169813986E-5
267.5 252.5 9.886866004717447E-5
267.5 257.5 1.5536503721698847E-4
267.5 262.5 2.2598550867925594E-4
267.5 267.5 3.1073007443397694E-4
267.5 272.5 6.638324317453144E-4
267.5 277.5 7.909492803773958E-4
267.5 282.5 0.0010028106947641982
267.5 287.5 0.001257044392028361
267.5 292.5 0.001257044392028361
267.5 297.5 9.039420347170238E-4
267.5 302.5 3.531023573113374E-4
267.5 307.5 1.9773732009434894E-4
267.5 312.5 1.5536503721698847E-4
267.5 317.5 9.886866004717447E-5
267.5 322.5 9.886866004717447E-5
267.5 327.5 9.886866004717447E-5
267.5 332.5 9.886866004717447E-5
267.5 337.5 9.886866004717447E-5
267.5 342.5 9.886866004717447E-5
267.5 347.5 5.6496377169813986E-5
267.5 352.5 2.8248188584906993E-5
267.5 357.5 4.237228287736049E-5
272.5 2.5 9.886866004717447E-5
272.5 7.5 9.886866004717447E-5
272.5 12.5 1.5536503721698847E-4
272.5 17.5 1.9773732009434894E-4
272.5 22.5 2.5423369726416294E-4
272.5 27.5 3.1073007443397694E-4
272.5 32.5 7.344529032075818E-4
272.5 37.5 0.0013559130520755358
272.5 42.5 0.002966059801415234
272.5 47.5 0.0051552944167455265
272.5 52.5 0.00816372650103812
272.5 57.5 0.009999858759057076
272.5 62.5 0.009449019081651388
272.5 67.5 0.007005550769056935
272.5 72.5 0.0042231041934435954
272.5 77.5 0.0027541983870284317
272.5 82.5 0.001567774466462338
272.5 87.5 9.039420347170238E-4
272.5 92.5 6.355842431604073E-4
272.5 97.5 3.672264516037909E-4
272.5 102.5 2.8248188584906994E-4
272.5 107.5 2.8248188584906994E-4
272.5 112.5 2.8248188584906994E-4
272.5 117.5 2.8248188584906994E-4
272.5 122.5 2.8248188584906994E-4
272.5 127.5 3.3897826301888394E-4
272.5 132.5 5.932119602830468E-4
272.5 137.5 7.909492803773958E-4
272.5 142.5 0.0011581757319811866
272.5 147.5 0.0019208768237736755
272.5 152.5 0.0032061694043869437
272.5 157.5 0.0036581404217454557
272.5 162.5 0.004307848759198317
272.5 167.5 0.0055648931512266775
272.5 172.5 0.005635513622688945
272.5 177.5 0.004745695682264375
272.5 182.5 0.0034604031016511067
272.5 187.5 0.0022316068982076525
272.5 192.5 0.0013135407691981752
272.5 197.5 7.909492803773958E-4
272.5 202.5 4.237228287736049E-4
272.5 207.5 2.5423369726416294E-4
272.5 212.5 1.9773732009434894E-4
272.5 217.5 1.8361322580189544E-4
272.5 222.5 9.886866004717447E-5
272.5 227.5 7.062047146226749E-5
272.5 232.5 5.6496377169813986E-5
272.5 237.5 2.8248188584906993E-5
272.5 242.5 5.6496377169813986E-5
272.5 247.5 9.886866004717447E-5
272.5 252.5 1.8361322580189544E-4
272.5 257.5 2.5423369726416294E-4
272.5 262.5 4.378469230660584E-4
272.5 267.5 7.627010917924888E-4
272.5 272.5 0.0011440516376887333
272.5 277.5 0.001793759975141594
272.5 282.5 0.0032626657815567578
272.5 287.5 0.0042796005706134095
272.5 292.5 0.004166607816273781
272.5 297.5 0.003163797121509583
272.5 302.5 0.001483029900707617
272.5 307.5 4.237228287736049E-4
272.5 312.5 2.5423369726416294E-4
272.5 317.5 2.2598550867925594E-4
272.5 322.5 2.2598550867925594E-4
272.5 327.5 2.1186141438680244E-4
272.5 332.5 2.1186141438680244E-4
272.5 337.5 2.1186141438680244E-4
272.5 342.5 1.8361322580189544E-4
272.5 347.5 1.1299275433962797E-4
272.5 352.5 9.886866004717447E-5
272.5 357.5 8.474456575472099E-5
277.5 2.5 9.886866004717447E-5
277.5 7.5 9.886866004717447E-5
277.5 12.5 1.8361322580189544E-4
277.5 17.5 2.1186141438680244E-4
277.5 22.5 2.5423369726416294E-4
277.5 27.5 3.531023573113374E-4
277.5 32.5 7.627010917924888E-4
277.5 37.5 0.001483029900707617
277.5 42.5 0.003093176650047316
277.5 47.5 0.0055648931512266775
277.5 52.5 0.009039420347170238
277.5 57.5 0.011045041736698635
277.5 62.5 0.011002669453821274
277.5 67.5 0.008728690272736261
277.5 72.5 0.005833250942783294
277.5 77.5 0.003954746401886979
277.5 82.5 0.002768322481320885
277.5 87.5 0.0016383949379246057
277.5 92.5 0.0010451829776415588
277.5 97.5 7.909492803773958E-4
277.5 102.5 7.062047146226748E-4
277.5 107.5 7.062047146226748E-4
277.5 112.5 7.344529032075818E-4
277.5 117.5 7.203288089151284E-4
277.5 122.5 7.203288089151284E-4
277.5 127.5 7.627010917924888E-4
277.5 132.5 0.0011299275433962798
277.5 137.5 0.001793759975141594
277.5 142.5 0.00319204531009449
277.5 147.5 0.007528142257877714
277.5 152.5 0.01622858434202907
277.5 157.5 0.024533551785991724
277.5 162.5 0.03264078190986003
277.5 167.5 0.04083275659948306
277.5 172.5 0.03668027287750173
277.5 177.5 0.025268004689199305
277.5 182.5 0.01620033615344416
277.5 187.5 0.007641135012217341
277.5 192.5 0.0036298922331605486
277.5 197.5 0.0016666431265095125
277.5 202.5 9.886866004717447E-4
277.5 207.5 6.638324317453144E-4
277.5 212.5 3.1073007443397694E-4
277.5 217.5 2.5423369726416294E-4
277.5 222.5 2.1186141438680244E-4
277.5 227.5 1.1299275433962797E-4
277.5 232.5 9.886866004717447E-5
277.5 237.5 9.886866004717447E-5
277.5 242.5 9.886866004717447E-5
277.5 247.5 1.8361322580189544E-4
277.5 252.5 2.5423369726416294E-4
277.5 257.5 4.519710173585119E-4
277.5 262.5 8.474456575472098E-4
277.5 267.5 0.0013559130520755358
277.5 272.5 0.002358723746839734
277.5 277.5 0.004943433002358724
277.5 282.5 0.01107328992528354
277.5 287.5 0.016426321662123416
277.5 292.5 0.01680767220801966
277.5 297.5 0.011426392282594879
277.5 302.5 0.004745695682264375
277.5 307.5 0.0017796358808491405
277.5 312.5 9.463143175943842E-4
277.5 317.5 7.485769975000353E-4
277.5 322.5 7.627010917924888E-4
277.5 327.5 6.920806203302213E-4
277.5 332.5 4.378469230660584E-4
277.5 337.5 3.1073007443397694E-4
277.5 342.5 2.5423369726416294E-4
277.5 347.5 2.2598550867925594E-4
277.5 352.5 1.8361322580189544E-4
277.5 357.5 9.886866004717447E-5
282.5 2.5 9.886866004717447E-5
282.5 7.5 1.1299275433962797E-4
282.5 12.5 1.8361322580189544E-4
282.5 17.5 2.1186141438680244E-4
282.5 22.5 2.5423369726416294E-4
282.5 27.5 3.1073007443397694E-4
282.5 32.5 7.062047146226748E-4
282.5 37.5 0.001257044392028361
282.5 42.5 0.002514088784056722
282.5 47.5 0.004505586079292665
282.5 52.5 0.0074716458807079
282.5 57.5 0.00981624553325518
282.5 62.5 0.010211720173443878
282.5 67.5 0.008587449329811725
282.5 72.5 0.006595952034575783
282.5 77.5 0.005042301662405898
282.5 82.5 0.004011242779056793
282.5 87.5 0.003163797121509583
282.5 92.5 0.002132738238160478
282.5 97.5 0.0016242708436321521
282.5 102.5 0.001370037146367989
282.5 107.5 0.0013559130520755358
282.5 112.5 0.001370037146367989
282.5 117.5 0.0013559130520755358
282.5 122.5 0.0013135407691981752
282.5 127.5 0.0016242708436321521
282.5 132.5 0.002641205632688804
282.5 137.5 0.004025366873349246
282.5 142.5 0.008813434838490982
282.5 147.5 0.020621177666982106
282.5 152.5 0.045126481264388923
282.5 157.5 0.10978658493524103
282.5 162.5 0.20375418426293415
282.5 167.5 0.23316054857982232
282.5 172.5 0.18834479738986737
282.5 177.5 0.10930636572929761
282.5 182.5 0.04878462168613438
282.5 187.5 0.022174828039151988
282.5 192.5 0.009731500967500459
282.5 197.5 0.0035451476674058274
282.5 202.5 0.0018078840694340475
282.5 207.5 0.0011016793548113727
282.5 212.5 7.203288089151284E-4
282.5 217.5 4.519710173585119E-4
282.5 222.5 2.8248188584906994E-4
282.5 227.5 2.2598550867925594E-4
282.5 232.5 1.8361322580189544E-4
282.5 237.5 9.886866004717447E-5
282.5 242.5 1.1299275433962797E-4
282.5 247.5 2.2598550867925594E-4
282.5 252.5 4.237228287736049E-4
282.5 257.5 8.333215632547562E-4
282.5 262.5 0.0013559130520755358
282.5 267.5 0.00230222736966992
282.5 272.5 0.004802192059434189
282.5 277.5 0.014999788138585613
282.5 282.5 0.026638041835567294
282.5 287.5 0.04063501927938871
282.5 292.5 0.046044547393398395
282.5 297.5 0.03700512704622816
282.5 302.5 0.020536433101227384
282.5 307.5 0.00961850821316083
282.5 312.5 0.0047033233993870145
282.5 317.5 0.0032061694043869437
282.5 322.5 0.0023304755582548267
282.5 327.5 0.0016242708436321521
282.5 332.5 0.0010028106947641982
282.5 337.5 6.920806203302213E-4
282.5 342.5 4.6609511165096536E-4
282.5 347.5 2.966059801415234E-4
282.5 352.5 2.4010960297170944E-4
282.5 357.5 1.8361322580189544E-4
287.5 2.5 1.4124094292453497E-4
287.5 7.5 1.1299275433962797E-4
287.5 12.5 1.8361322580189544E-4
287.5 17.5 1.9773732009434894E-4
287.5 22.5 2.2598550867925594E-4
287.5 27.5 2.5423369726416294E-4
287.5 32.5 4.519710173585119E-4
287.5 37.5 8.191974689623028E-4
287.5 42.5 0.0015395262778774312
287.5 47.5 0.0029095634242454205
287.5 52.5 0.004336096947783224
287.5 57.5 0.005988615980000282
287.5 62.5 0.006807813448962585
287.5 67.5 0.006610076128868237
287.5 72.5 0.006200477394387085
287.5 77.5 0.0065253315631135156
287.5 82.5 0.0069773025804720275
287.5 87.5 0.006751317071792771
287.5 92.5 0.005522520868349317
287.5 97.5 0.004180731910566235
287.5 102.5 0.0035168994788209204
287.5 107.5 0.0032626657815567578
287.5 112.5 0.003163797121509583
287.5 117.5 0.0029095634242454205
287.5 122.5 0.002768322481320885
287.5 127.5 0.0032626657815567578
287.5 132.5 0.004943433002358724
287.5 137.5 0.008855807121368343
287.5 142.5 0.017598621488397057
287.5 147.5 0.03827629553254897
287.5 152.5 0.11528085761500544
287.5 157.5 0.3461815511080352
287.5 162.5 0.5897515571813957
287.5 167.5 0.672292764226494
287.5 172.5 0.5838194375785652
287.5 177.5 0.37311619892374404
287.5 182.5 0.1458171494752899
287.5 187.5 0.04457564158698323
287.5 192.5 0.01773986243132159
287.5 197.5 0.006751317071792771
287.5 202.5 0.0034604031016511067
287.5 207.5 0.0018502563523114081
287.5 212.5 0.0011016793548113727
287.5 217.5 7.485769975000353E-4
287.5 222.5 5.367155831132328E-4
287.5 227.5 2.8248188584906994E-4
287.5 232.5 2.2598550867925594E-4
287.5 237.5 1.8361322580189544E-4
287.5 242.5 1.9773732009434894E-4
287.5 247.5 2.8248188584906994E-4
287.5 252.5 7.203288089151284E-4
287.5 257.5 0.0012429202977359078
287.5 262.5 0.0018643804466038614
287.5 267.5 0.0036298922331605486
287.5 272.5 0.010536574342170308
287.5 277.5 0.02560698295221819
287.5 282.5 0.05516871230632336
287.5 287.5 0.09944774791316507
287.5 292.5 0.13854324091467635
287.5 297.5 0.1220039264982133
287.5 302.5 0.07218824592872981
287.5 307.5 0.03865764607844522
287.5 312.5 0.020536433101227384
287.5 317.5 0.013177779974859112
287.5 322.5 0.007076171240519202
287.5 327.5 0.0036016440445756416
287.5 332.5 0.001793759975141594
287.5 337.5 0.0010028106947641982
287.5 342.5 7.203288089151284E-4
287.5 347.5 4.519710173585119E-4
287.5 352.5 2.683577915566164E-4
287.5 357.5 2.1186141438680244E-4
292.5 2.5 1.5536503721698847E-4
292.5 7.5 9.886866004717447E-5
292.5 12.5 1.1299275433962797E-4
292.5 17.5 1.8361322580189544E-4
292.5 22.5 1.9773732009434894E-4
292.5 27.5 2.2598550867925594E-4
292.5 32.5 2.5423369726416294E-4
292.5 37.5 4.095987344811514E-4
292.5 42.5 7.485769975000353E-4
292.5 47.5 0.001257044392028361
292.5 52.5 0.0019208768237736755
292.5 57.5 0.0030084320842925947
292.5 62.5 0.00375700908179263
292.5 67.5 0.004293724664905863
292.5 72.5 0.005508396774056863
292.5 77.5 0.00860157342410418
292.5 82.5 0.013036539031934578
292.5 87.5 0.01639807347353851
292.5 92.5 0.01663818307651022
292.5 97.5 0.014731430347028996
292.5 102.5 0.011751246451321308
292.5 107.5 0.00953376364740611
292.5 112.5 0.007132667617689016
292.5 117.5 0.005240038982500247
292.5 122.5 0.004745695682264375
292.5 127.5 0.005635513622688945
292.5 132.5 0.009378398610189121
292.5 137.5 0.015861357890425278
292.5 142.5 0.025112639651982318
292.5 147.5 0.05490035451476674
292.5 152.5 0.17204559257637603
292.5 157.5 0.5063629044787503
292.5 162.5 0.823222835835652
292.5 167.5 1.0
292.5 172.5 0.9277411335998079
292.5 177.5 0.6140308752701233
292.5 182.5 0.29650711148147624
292.5 187.5 0.0854083981864663
292.5 192.5 0.027259501984435247
292.5 197.5 0.012994166749057217
292.5 202.5 0.005635513622688945
292.5 207.5 0.002966059801415234
292.5 212.5 0.0015395262778774312
292.5 217.5 9.886866004717447E-4
292.5 222.5 7.203288089151284E-4
292.5 227.5 4.378469230660584E-4
292.5 232.5 2.5423369726416294E-4
292.5 237.5 2.1186141438680244E-4
292.5 242.5 2.5423369726416294E-4
292.5 247.5 4.237228287736049E-4
292.5 252.5 9.463143175943842E-4
292.5 257.5 0.0016242708436321521
292.5 262.5 0.0027259501984435246
292.5 267.5 0.005028177568113444
292.5 272.5 0.01461843759268937
292.5 277.5 0.03405319133910538
292.5 282.5 0.07679270066806966
292.5 287.5 0.1631897854550077
292.5 292.5 0.25773647264869143
292.5 297.5 0.29618225731274983
292.5 302.5 0.23580175421251112
292.5 307.5 0.12013954605160944
292.5 312.5 0.05388341972571009
292.5 317.5 0.026652165929859747
292.5 322.5 0.015367014590189404
292.5 327.5 0.00662420022316069
292.5 332.5 0.002966059801415234
292.5 337.5 0.0013559130520755358
292.5 342.5 8.333215632547562E-4
292.5 347.5 6.355842431604073E-4
292.5 352.5 2.966059801415234E-4
292.5 357.5 2.1186141438680244E-4
297.5 2.5 1.1299275433962797E-4
297.5 7.5 9.886866004717447E-5
297.5 12.5 9.886866004717447E-5
297.5 17.5 9.886866004717447E-5
297.5 22.5 1.1299275433962797E-4
297.5 27.5 1.8361322580189544E-4
297.5 32.5 1.9773732009434894E-4
297.5 37.5 2.1186141438680244E-4
297.5 42.5 2.5423369726416294E-4
297.5 47.5 3.813505458962444E-4
297.5 52.5 7.485769975000353E-4
297.5 57.5 0.0011581757319811866
297.5 62.5 0.001765511786556687
297.5 67.5 0.0028813152356605134
297.5 72.5 0.004759819776556829
297.5 77.5 0.010960297170943913
297.5 82.5 0.018516687617406533
297.5 87.5 0.02497139870905778
297.5 92.5 0.029222751091086283
297.5 97.5 0.027203005607265435
297.5 102.5 0.022471434019293513
297.5 107.5 0.017683366054151776
297.5 112.5 0.01300829084334967
297.5 117.5 0.008658069801273992
297.5 122.5 0.007090295334811655
297.5 127.5 0.008093106029575853
297.5 132.5 0.01268343667462324
297.5 137.5 0.019759607915142443
297.5 142.5 0.0329232637957091
297.5 147.5 0.06314882558155958
297.5 152.5 0.1698987302439231
297.5 157.5 0.4425926187483228
297.5 162.5 0.6842558720922021
297.5 167.5 0.9111594469004675
297.5 172.5 0.9243937232524965
297.5 177.5 0.6800468919930509
297.5 182.5 0.39661869182638665
297.5 187.5 0.1391647010635443
297.5 192.5 0.042668888857502016
297.5 197.5 0.018318950297312186
297.5 202.5 0.008036609652406039
297.5 207.5 0.0034321549130661997
297.5 212.5 0.001765511786556687
297.5 217.5 0.0010451829776415588
297.5 222.5 7.909492803773958E-4
297.5 227.5 5.508396774056864E-4
297.5 232.5 2.8248188584906994E-4
297.5 237.5 2.5423369726416294E-4
297.5 242.5 2.5423369726416294E-4
297.5 247.5 5.508396774056864E-4
297.5 252.5 0.0010028106947641982
297.5 257.5 0.001765511786556687
297.5 262.5 0.0029801838957076877
297.5 267.5 0.005762630471321027
297.5 272.5 0.014816174912783718
297.5 277.5 0.030070196748633492
297.5 282.5 0.06958941257891837
297.5 287.5 0.1628225590034039
297.5 292.5 0.3022979901413822
297.5 297.5 0.46658945495120124
297.5 302.5 0.42529060324006723
297.5 307.5 0.250278950862276
297.5 312.5 0.12015367014590189
297.5 317.5 0.04724509540825694
297.5 322.5 0.020352819875425487
297.5 327.5 0.009025296252877785
297.5 332.5 0.0034321549130661997
297.5 337.5 0.001596022655047245
297.5 342.5 9.039420347170238E-4
297.5 347.5 6.638324317453144E-4
297.5 352.5 2.8248188584906994E-4
297.5 357.5 2.1186141438680244E-4
302.5 2.5 9.886866004717447E-5
302.5 7.5 9.886866004717447E-5
302.5 12.5 7.062047146226749E-5
302.5 17.5 9.886866004717447E-5
302.5 22.5 9.886866004717447E-5
302.5 27.5 9.886866004717447E-5
302.5 32.5 9.886866004717447E-5
302.5 37.5 9.886866004717447E-5
302.5 42.5 1.1299275433962797E-4
302.5 47.5 1.8361322580189544E-4
302.5 52.5 2.5423369726416294E-4
302.5 57.5 3.954746401886979E-4
302.5 62.5 8.050733746698493E-4
302.5 67.5 0.0016242708436321521
302.5 72.5 0.0036298922331605486
302.5 77.5 0.010776683945142017
302.5 82.5 0.020621177666982106
302.5 87.5 0.031002386971935424
302.5 92.5 0.039279106227313176
302.5 97.5 0.0381774268725018
302.5 102.5 0.029547605259812714
302.5 107.5 0.021595740173161397
302.5 112.5 0.015734241041793193
302.5 117.5 0.010296464739198598
302.5 122.5 0.007570514540755074
302.5 127.5 0.008206098783915481
302.5 132.5 0.012655188486038332
302.5 137.5 0.019561870595048093
302.5 142.5 0.03207581813816189
302.5 147.5 0.05780991793901216
302.5 152.5 0.13258287312326097
302.5 157.5 0.29304670837982516
302.5 162.5 0.5300066383243175
302.5 167.5 0.6635217016708803
302.5 172.5 0.7191847572774396
302.5 177.5 0.618508213160831
302.5 182.5 0.3794296690724707
302.5 187.5 0.14125506701882742
302.5 192.5 0.04878462168613438
302.5 197.5 0.020268075309670768
302.5 202.5 0.008206098783915481
302.5 207.5 0.0033050380644341184
302.5 212.5 0.001765511786556687
302.5 217.5 0.0010593070719340121
302.5 222.5 7.909492803773958E-4
302.5 227.5 5.790878659905933E-4
302.5 232.5 2.8248188584906994E-4
302.5 237.5 2.5423369726416294E-4
302.5 242.5 2.5423369726416294E-4
302.5 247.5 5.932119602830468E-4
302.5 252.5 0.0010028106947641982
302.5 257.5 0.001709015409386873
302.5 262.5 0.0028813152356605134
302.5 267.5 0.0051129221338681655
302.5 272.5 0.012372706600189264
302.5 277.5 0.02354486518551998
302.5 282.5 0.05023940339825709
302.5 287.5 0.12706035225491166
302.5 292.5 0.2714085959237864
302.5 297.5 0.48129263710964537
302.5 302.5 0.5155435657688451
302.5 307.5 0.35467013177779977
302.5 312.5 0.1595457691275547
302.5 317.5 0.052824112653776074
302.5 322.5 0.019943221140944337
302.5 327.5 0.008276719255377749
302.5 332.5 0.003163797121509583
302.5 337.5 0.0014406576178302567
302.5 342.5 7.909492803773958E-4
302.5 347.5 4.943433002358724E-4
302.5 352.5 2.5423369726416294E-4
302.5 357.5 1.9773732009434894E-4
307.5 2.5 9.886866004717447E-5
307.5 7.5 5.6496377169813986E-5
307.5 12.5 4.237228287736049E-5
307.5 17.5 4.237228287736049E-5
307.5 22.5 5.6496377169813986E-5
307.5 27.5 5.6496377169813986E-5
307.5 32.5 5.6496377169813986E-5
307.5 37.5 5.6496377169813986E-5
307.5 42.5 5.6496377169813986E-5
307.5 47.5 9.886866004717447E-5
307.5 52.5 1.1299275433962797E-4
307.5 57.5 2.1186141438680244E-4
307.5 62.5 3.1073007443397694E-4
307.5 67.5 8.333215632547562E-4
307.5 72.5 0.001935000918066129
307.5 77.5 0.006610076128868237
307.5 82.5 0.017400884168302707
307.5 87.5 0.026849903249954097
307.5 92.5 0.03468877558226579
307.5 97.5 0.034236804564907276
307.5 102.5 0.027075888758633353
307.5 107.5 0.019999717518114152
307.5 112.5 0.01329077272919874
307.5 117.5 0.007655259106509795
307.5 122.5 0.0055648931512266775
307.5 127.5 0.005932119602830468
307.5 132.5 0.009025296252877785
307.5 137.5 0.014830299007076171
307.5 142.5 0.02197709071905764
307.5 147.5 0.03683563791471872
307.5 152.5 0.06723068883207864
307.5 157.5 0.13372692476094972
307.5 162.5 0.25128176155704013
307.5 167.5 0.40855355150350986
307.5 172.5 0.507069109193373
307.5 177.5 0.4187793957712462
307.5 182.5 0.246013474385955
307.5 187.5 0.09941949972458017
307.5 192.5 0.03898250024717165
307.5 197.5 0.017344387791132895
307.5 202.5 0.005861499131368201
307.5 207.5 0.0026835779155661645
307.5 212.5 0.0014406576178302567
307.5 217.5 9.886866004717447E-4
307.5 222.5 7.203288089151284E-4
307.5 227.5 4.378469230660584E-4
307.5 232.5 2.5423369726416294E-4
307.5 237.5 2.2598550867925594E-4
307.5 242.5 2.5423369726416294E-4
307.5 247.5 4.6609511165096536E-4
307.5 252.5 8.756938461321168E-4
307.5 257.5 0.0014124094292453497
307.5 262.5 0.0023304755582548267
307.5 267.5 0.0038276295532548976
307.5 272.5 0.008375587915424924
307.5 277.5 0.018149461165802742
307.5 282.5 0.03439216960212426
307.5 287.5 0.08122766627590006
307.5 292.5 0.20135308823321704
307.5 297.5 0.3688930947303004
307.5 302.5 0.4598805101622858
307.5 307.5 0.29362579624581575
307.5 312.5 0.11443341195745822
307.5 317.5 0.03444866597929408
307.5 322.5 0.01370037146367989
307.5 327.5 0.004999929379528538
307.5 332.5 0.0020621177666982106
307.5 337.5 0.0010310588833491053
307.5 342.5 6.920806203302213E-4
307.5 347.5 3.1073007443397694E-4
307.5 352.5 2.2598550867925594E-4
307.5 357.5 1.1299275433962797E-4
312.5 2.5 5.6496377169813986E-5
312.5 47.5 4.237228287736049E-5
312.5 52.5 5.6496377169813986E-5
312.5 57.5 9.886866004717447E-5
312.5 62.5 1.9773732009434894E-4
312.5 67.5 3.3897826301888394E-4
312.5 72.5 9.886866004717447E-4
312.5 77.5 0.0028530670470756064
312.5 82.5 0.008474456575472097
312.5 87.5 0.017146650471038544
312.5 92.5 0.021200265532972697
312.5 97.5 0.021383878758774594
312.5 102.5 0.01809296478863293
312.5 107.5 0.012655188486038332
312.5 112.5 0.006723068883207864
312.5 117.5 0.003954746401886979
312.5 122.5 0.00319204531009449
312.5 127.5 0.0033756585358963856
312.5 132.5 0.004293724664905863
312.5 137.5 0.006299346054434259
312.5 142.5 0.010324712927783506
312.5 147.5 0.01644044575641587
312.5 152.5 0.025324501066369118
312.5 157.5 0.044250787418256804
312.5 162.5 0.0834027767969379
312.5 167.5 0.14440474004604456
312.5 172.5 0.19081651389104673
312.5 177.5 0.16022372565359247
312.5 182.5 0.09944774791316507
312.5 187.5 0.04951907458934196
312.5 192.5 0.022683295433680317
312.5 197.5 0.010155223796274064
312.5 202.5 0.003361534441603932
312.5 207.5 0.0016383949379246057
312.5 212.5 0.0010310588833491053
312.5 217.5 7.485769975000353E-4
312.5 222.5 5.225914888207794E-4
312.5 227.5 2.8248188584906994E-4
312.5 232.5 2.2598550867925594E-4
312.5 237.5 2.1186141438680244E-4
312.5 242.5 2.5423369726416294E-4
312.5 247.5 3.3897826301888394E-4
312.5 252.5 7.062047146226748E-4
312.5 257.5 0.0010169347890566518
312.5 262.5 0.0016242708436321521
312.5 267.5 0.002641205632688804
312.5 272.5 0.004449089702122851
312.5 277.5 0.010960297170943913
312.5 282.5 0.020296323498255674
312.5 287.5 0.042513523820285025
312.5 292.5 0.10665103600231635
312.5 297.5 0.20903659552831175
312.5 302.5 0.24383836386491717
312.5 307.5 0.14612787954972387
312.5 312.5 0.04984392875806839
312.5 317.5 0.016991285433821557
312.5 322.5 0.005268287171085154
312.5 327.5 0.002358723746839734
312.5 332.5 0.0011440516376887333
312.5 337.5 6.920806203302213E-4
312.5 342.5 3.1073007443397694E-4
312.5 347.5 2.2598550867925594E-4
312.5 352.5 1.8361322580189544E-4
312.5 357.5 9.886866004717447E-5
317.5 57.5 5.6496377169813986E-5
317.5 62.5 9.886866004717447E-5
317.5 67.5 1.8361322580189544E-4
317.5 72.5 3.3897826301888394E-4
317.5 77.5 9.886866004717447E-4
317.5 82.5 0.0024293442183020014
317.5 87.5 0.005254163076792701
317.5 92.5 0.00860157342410418
317.5 97.5 0.009095916724340052
317.5 102.5 0.006807813448962585
317.5 107.5 0.003982994590471886
317.5 112.5 0.002358723746839734
317.5 117.5 0.0015112780892925241
317.5 122.5 0.0012711684863208146
317.5 127.5 0.0014547817121227102
317.5 132.5 0.001765511786556687
317.5 137.5 0.002358723746839734
317.5 142.5 0.003163797121509583
317.5 147.5 0.004011242779056793
317.5 152.5 0.0064547110916512475
317.5 157.5 0.015381138684481857
317.5 162.5 0.0254516179150012
317.5 167.5 0.041595457691275546
317.5 172.5 0.05607265434104038
317.5 177.5 0.054476631685993135
317.5 182.5 0.037329981214954594
317.5 187.5 0.021030776401463256
317.5 192.5 0.009646756401745738
317.5 197.5 0.0036016440445756416
317.5 202.5 0.0016242708436321521
317.5 207.5 0.0010028106947641982
317.5 212.5 7.062047146226748E-4
317.5 217.5 4.378469230660584E-4
317.5 222.5 2.8248188584906994E-4
317.5 227.5 2.1186141438680244E-4
317.5 232.5 1.8361322580189544E-4
317.5 237.5 1.8361322580189544E-4
317.5 242.5 1.9773732009434894E-4
317.5 247.5 2.5423369726416294E-4
317.5 252.5 4.378469230660584E-4
317.5 257.5 7.344529032075818E-4
317.5 262.5 0.0010028106947641982
317.5 267.5 0.0014406576178302567
317.5 272.5 0.002499964689764269
317.5 277.5 0.004576206550754933
317.5 282.5 0.010635443002217483
317.5 287.5 0.021228513721557606
317.5 292.5 0.04792305193429471
317.5 297.5 0.07881244615189051
317.5 302.5 0.07780963545712631
317.5 307.5 0.04523947401872855
317.5 312.5 0.018770921314670695
317.5 317.5 0.00432197285349077
317.5 322.5 0.0016242708436321521
317.5 327.5 8.333215632547562E-4
317.5 332.5 4.519710173585119E-4
317.5 337.5 2.5423369726416294E-4
317.5 342.5 2.1186141438680244E-4
317.5 347.5 1.1299275433962797E-4
317.5 352.5 9.886866004717447E-5
317.5 357.5 5.6496377169813986E-5
322.5 67.5 5.6496377169813986E-5
322.5 72.5 1.8361322580189544E-4
322.5 77.5 2.8248188584906994E-4
322.5 82.5 7.485769975000353E-4
322.5 87.5 0.0014124094292453497
322.5 92.5 0.0021751105210378384
322.5 97.5 0.002499964689764269
322.5 102.5 0.0018502563523114081
322.5 107.5 0.001257044392028361
322.5 112.5 7.909492803773958E-4
322.5 117.5 6.355842431604073E-4
322.5 122.5 4.943433002358724E-4
322.5 127.5 4.6609511165096536E-4
322.5 132.5 6.214601488679539E-4
322.5 137.5 7.485769975000353E-4
322.5 142.5 0.0010028106947641982
322.5 147.5 0.001370037146367989
322.5 152.5 0.0016242708436321521
322.5 157.5 0.0028813152356605134
322.5 162.5 0.007175039900566376
322.5 167.5 0.014265335235378032
322.5 172.5 0.019604242877925452
322.5 177.5 0.0201974548382085
322.5 182.5 0.015367014590189404
322.5 187.5 0.0065253315631135156
322.5 192.5 0.0030225561785850483
322.5 197.5 0.001483029900707617
322.5 202.5 7.909492803773958E-4
322.5 207.5 4.519710173585119E-4
322.5 212.5 2.8248188584906994E-4
322.5 217.5 2.2598550867925594E-4
322.5 222.5 1.9773732009434894E-4
322.5 227.5 1.1299275433962797E-4
322.5 232.5 9.886866004717447E-5
322.5 237.5 9.886866004717447E-5
322.5 242.5 1.1299275433962797E-4
322.5 247.5 2.1186141438680244E-4
322.5 252.5 2.5423369726416294E-4
322.5 257.5 3.531023573113374E-4
322.5 262.5 6.638324317453144E-4
322.5 267.5 7.909492803773958E-4
322.5 272.5 0.0011581757319811866
322.5 277.5 0.002358723746839734
322.5 282.5 0.004477337890707758
322.5 287.5 0.01070606347367975
322.5 292.5 0.019618366972217905
322.5 297.5 0.026765158684199375
322.5 302.5 0.02451942769169927
322.5 307.5 0.015691868758915834
322.5 312.5 0.004208980099151142
322.5 317.5 0.0010028106947641982
322.5 322.5 4.378469230660584E-4
322.5 327.5 2.5423369726416294E-4
322.5 332.5 1.8361322580189544E-4
322.5 337.5 9.886866004717447E-5
322.5 342.5 9.886866004717447E-5
322.5 347.5 7.062047146226749E-5
322.5 352.5 5.6496377169813986E-5
327.5 72.5 2.8248188584906993E-5
327.5 77.5 9.886866004717447E-5
327.5 82.5 2.2598550867925594E-4
327.5 87.5 3.813505458962444E-4
327.5 92.5 7.062047146226748E-4
327.5 97.5 7.485769975000353E-4
327.5 102.5 6.920806203302213E-4
327.5 107.5 3.954746401886979E-4
327.5 112.5 2.8248188584906994E-4
327.5 117.5 2.5423369726416294E-4
327.5 122.5 2.2598550867925594E-4
327.5 127.5 1.9773732009434894E-4
327.5 132.5 1.8361322580189544E-4
327.5 137.5 2.1186141438680244E-4
327.5 142.5 2.5423369726416294E-4
327.5 147.5 3.3897826301888394E-4
327.5 152.5 6.214601488679539E-4
327.5 157.5 9.321902233019307E-4
327.5 162.5 0.001935000918066129
327.5 167.5 0.0042513523820285025
327.5 172.5 0.006708944788915411
327.5 177.5 0.007005550769056935
327.5 182.5 0.0042513523820285025
327.5 187.5 0.0024858405954718155
327.5 192.5 0.001370037146367989
327.5 197.5 7.485769975000353E-4
327.5 202.5 2.8248188584906994E-4
327.5 207.5 2.1186141438680244E-4
327.5 212.5 1.8361322580189544E-4
327.5 217.5 9.886866004717447E-5
327.5 222.5 9.886866004717447E-5
327.5 227.5 5.6496377169813986E-5
327.5 232.5 5.6496377169813986E-5
327.5 237.5 5.6496377169813986E-5
327.5 242.5 9.886866004717447E-5
327.5 247.5 9.886866004717447E-5
327.5 252.5 1.8361322580189544E-4
327.5 257.5 2.2598550867925594E-4
327.5 262.5 2.5423369726416294E-4
327.5 267.5 3.3897826301888394E-4
327.5 272.5 6.355842431604073E-4
327.5 277.5 0.0010028106947641982
327.5 282.5 0.0018643804466038614
327.5 287.5 0.003587519950283188
327.5 292.5 0.006200477394387085
327.5 297.5 0.008658069801273992
327.5 302.5 0.007457521786415446
327.5 307.5 0.0037146367989152698
327.5 312.5 0.0011581757319811866
327.5 317.5 2.683577915566164E-4
327.5 322.5 1.6948913150944197E-4
327.5 327.5 9.886866004717447E-5
327.5 332.5 5.6496377169813986E-5
327.5 337.5 5.6496377169813986E-5
327.5 342.5 2.8248188584906993E-5
332.5 82.5 5.6496377169813986E-5
332.5 87.5 9.886866004717447E-5
332.5 92.5 1.9773732009434894E-4
332.5 97.5 2.1186141438680244E-4
332.5 102.5 2.1186141438680244E-4
332.5 107.5 2.1186141438680244E-4
332.5 112.5 1.8361322580189544E-4
332.5 117.5 1.1299275433962797E-4
332.5 122.5 9.886866004717447E-5
332.5 127.5 5.6496377169813986E-5
332.5 132.5 1.4124094292453496E-5
332.5 137.5 5.6496377169813986E-5
332.5 142.5 9.886866004717447E-5
332.5 147.5 1.9773732009434894E-4
332.5 152.5 2.5423369726416294E-4
332.5 157.5 4.6609511165096536E-4
332.5 162.5 9.321902233019307E-4
332.5 167.5 0.0016101467493396986
332.5 172.5 0.0019491250123585826
332.5 177.5 0.001935000918066129
332.5 182.5 0.0016242708436321521
332.5 187.5 0.0011581757319811866
332.5 192.5 7.344529032075818E-4
332.5 197.5 2.8248188584906994E-4
332.5 202.5 1.9773732009434894E-4
332.5 207.5 9.886866004717447E-5
332.5 212.5 9.886866004717447E-5
332.5 217.5 5.6496377169813986E-5
332.5 237.5 1.4124094292453496E-5
332.5 242.5 5.6496377169813986E-5
332.5 247.5 9.886866004717447E-5
332.5 252.5 9.886866004717447E-5
332.5 257.5 1.1299275433962797E-4
332.5 262.5 1.8361322580189544E-4
332.5 267.5 2.1186141438680244E-4
332.5 272.5 2.5423369726416294E-4
332.5 277.5 3.813505458962444E-4
332.5 282.5 7.627010917924888E-4
332.5 287.5 0.0012429202977359078
332.5 292.5 0.001765511786556687
332.5 297.5 0.001935000918066129
332.5 302.5 0.0016666431265095125
332.5 307.5 9.886866004717447E-4
332.5 312.5 2.8248188584906994E-4
332.5 317.5 1.1299275433962797E-4
332.5 322.5 5.6496377169813986E-5
332.5 327.5 2.8248188584906993E-5
337.5 92.5 4.237228287736049E-5
337.5 97.5 5.6496377169813986E-5
337.5 102.5 8.474456575472099E-5
337.5 107.5 5.6496377169813986E-5
337.5 112.5 5.6496377169813986E-5
337.5 117.5 2.8248188584906993E-5
337.5 142.5 5.6496377169813986E-5
337.5 147.5 9.886866004717447E-5
337.5 152.5 2.1186141438680244E-4
337.5 157.5 2.5423369726416294E-4
337.5 162.5 4.519710173585119E-4
337.5 167.5 7.062047146226748E-4
337.5 172.5 8.615697518396633E-4
337.5 177.5 8.898179404245702E-4
337.5 182.5 7.627010917924888E-4
337.5 187.5 6.638324317453144E-4
337.5 192.5 2.966059801415234E-4
337.5 197.5 2.1186141438680244E-4
337.5 202.5 9.886866004717447E-5
337.5 207.5 5.6496377169813986E-5
337.5 247.5 4.237228287736049E-5
337.5 252.5 5.6496377169813986E-5
337.5 257.5 7.062047146226749E-5
337.5 262.5 9.886866004717447E-5
337.5 267.5 9.886866004717447E-5
337.5 272.5 9.886866004717447E-5
337.5 277.5 1.8361322580189544E-4
337.5 282.5 2.5423369726416294E-4
337.5 287.5 2.8248188584906994E-4
337.5 292.5 3.672264516037909E-4
337.5 297.5 4.237228287736049E-4
337.5 302.5 3.1073007443397694E-4
337.5 307.5 2.1186141438680244E-4
337.5 312.5 9.886866004717447E-5
337.5 317.5 5.6496377169813986E-5
342.5 147.5 9.886866004717447E-5
342.5 152.5 1.5536503721698847E-4
342.5 157.5 2.1186141438680244E-4
342.5 162.5 2.5423369726416294E-4
342.5 167.5 2.8248188584906994E-4
342.5 172.5 3.1073007443397694E-4
342.5 177.5 3.3897826301888394E-4
342.5 182.5 3.1073007443397694E-4
342.5 187.5 2.5423369726416294E-4
342.5 192.5 1.9773732009434894E-4
342.5 197.5 9.886866004717447E-5
342.5 202.5 7.062047146226749E-5
342.5 207.5 1.4124094292453496E-5
342.5 262.5 1.4124094292453496E-5
342.5 267.5 1.4124094292453496E-5
342.5 272.5 4.237228287736049E-5
342.5 277.5 5.6496377169813986E-5
342.5 282.5 9.886866004717447E-5
342.5 287.5 9.886866004717447E-5
342.5 292.5 9.886866004717447E-5
342.5 297.5 9.886866004717447E-5
342.5 302.5 5.6496377169813986E-5
342.5 307.5 4.237228287736049E-5
347.5 152.5 9.886866004717447E-5
347.5 157.5 9.886866004717447E-5
347.5 162.5 1.8361322580189544E-4
347.5 167.5 2.1186141438680244E-4
347.5 172.5 2.1186141438680244E-4
347.5 177.5 2.1186141438680244E-4
347.5 182.5 1.9773732009434894E-4
347.5 187.5 1.5536503721698847E-4
347.5 192.5 9.886866004717447E-5
347.5 197.5 5.6496377169813986E-5
347.5 202.5 2.8248188584906993E-5
352.5 157.5 5.6496377169813986E-5
352.5 162.5 9.886866004717447E-5
352.5 167.5 9.886866004717447E-5
352.5 172.5 9.886866004717447E-5
352.5 177.5 9.886866004717447E-5
352.5 182.5 9.886866004717447E-5
352.5 187.5 7.062047146226749E-5
352.5 192.5 5.6496377169813986E-5
357.5 167.5 1.4124094292453496E-5
357.5 172.5 1.4124094292453496E-5
